# Matter power spectrum P(k) at redshift z=0
# for k=9.63987e-06 to 1.69342 h/Mpc,
# number of wavenumbers equal to 561
#    1:k (h/Mpc)              2:P (Mpc/h)^3        
       9.639867365113e-06       6.073810295080e+01 
       2.212986128692e-05       1.350923288068e+02 
       3.465992021673e-05       2.080070555173e+02 
       4.726173411811e-05       2.803147309249e+02 
       5.996747576320e-05       3.524965500247e+02 
       7.281007051844e-05       4.247893442449e+02 
       8.582347413346e-05       4.976593360214e+02 
       9.904296202805e-05       5.712889286021e+02 
       1.125054335993e-04       6.459307943694e+02 
       1.262497351016e-04       7.216084542073e+02 
       1.403170046686e-04       7.976721955198e+02 
       1.547510430170e-04       8.767323702449e+02 
       1.695987132704e-04       9.578497119488e+02 
       1.849103731055e-04       1.040526386264e+03 
       2.007403420012e-04       1.126595684917e+03 
       2.171474056625e-04       1.216137097825e+03 
       2.341953585935e-04       1.304518376301e+03 
       2.519535841480e-04       1.402630079314e+03 
       2.704976690227e-04       1.497627424270e+03 
       2.899100458314e-04       1.602253842107e+03 
       3.102806528647e-04       1.712037266541e+03 
       3.317075940867e-04       1.819397877807e+03 
       3.542977745547e-04       1.943063231646e+03 
       3.781674765197e-04       2.062557433778e+03 
       4.034428293295e-04       2.194130298006e+03 
       4.302601120549e-04       2.336490889790e+03 
       4.587658120408e-04       2.483268925658e+03 
       4.891163465938e-04       2.634160458497e+03 
       5.214773409473e-04       2.797773590370e+03 
       5.560223468458e-04       2.971817705895e+03 
       5.929308872364e-04       3.158826125733e+03 
       6.323857292933e-04       3.354541329471e+03 
       6.745693262492e-04       3.564492822762e+03 
       7.196594328050e-04       3.787119619642e+03 
       7.678239901261e-04       4.025312530038e+03 
       8.192154891339e-04       4.273070699107e+03 
       8.739651410613e-04       4.539235060557e+03 
       9.321772896580e-04       4.815177190150e+03 
       9.939245624714e-04       5.107822747800e+03 
       1.059244253755e-03       5.414273728613e+03 
       1.128136344596e-03       5.734733486705e+03 
       1.200563401891e-03       6.067027032996e+03 
       1.276452383548e-03       6.411767358565e+03 
       1.355698154979e-03       6.767644660197e+03 
       1.438168337130e-03       7.133198419838e+03 
       1.523708993264e-03       7.507616089105e+03 
       1.612150634274e-03       7.889011284049e+03 
       1.703314072316e-03       8.276932674186e+03 
       1.797015755963e-03       8.669603384007e+03 
       1.893072347193e-03       9.066347896662e+03 
       1.991304424679e-03       9.465649408891e+03 
       2.091539301120e-03       9.866711688327e+03 
       2.193613016404e-03       1.026854610169e+04 
       2.297371612954e-03       1.067004590977e+04 
       2.402671819309e-03       1.107082000087e+04 
       2.509381269397e-03       1.146960882368e+04 
       2.617378374869e-03       1.186620127399e+04 
       2.726551951594e-03       1.225998346100e+04 
       2.836800683163e-03       1.265056902888e+04 
       2.948032486418e-03       1.303714019129e+04 
       3.060163828143e-03       1.341966260662e+04 
       3.173119028637e-03       1.379740514009e+04 
       3.286829577116e-03       1.417060834265e+04 
       3.401233475480e-03       1.453880145652e+04 
       3.516274620667e-03       1.490179400499e+04 
       3.631902231162e-03       1.525954604685e+04 
       3.748070319938e-03       1.561159882023e+04 
       3.864737213845e-03       1.595799032343e+04 
       3.981865117956e-03       1.629873185461e+04 
       4.099419722453e-03       1.663369078328e+04 
       4.217369849112e-03       1.696285269549e+04 
       4.335687134199e-03       1.728611140909e+04 
       4.454345744559e-03       1.760349949405e+04 
       4.573322123723e-03       1.791488859282e+04 
       4.692594765050e-03       1.822039172911e+04 
       4.812144009104e-03       1.851996827943e+04 
       4.931951862702e-03       1.881369559923e+04 
       5.052001837269e-03       1.910164002809e+04 
       5.172278804416e-03       1.938617859171e+04 
       5.292768866814e-03       1.967158836325e+04 
       5.413459242673e-03       1.994083594242e+04 
       5.534338162314e-03       2.021147038429e+04 
       5.655394775485e-03       2.049372044116e+04 
       5.776619068221e-03       2.074267579797e+04 
       5.898001788195e-03       2.096043914941e+04 
       6.019534377618e-03       2.121380909083e+04 
       6.141208912865e-03       2.144977968461e+04 
       6.263018050079e-03       2.168799391163e+04 
       6.384954976120e-03       2.189889501026e+04 
       6.507013364271e-03       2.214462279627e+04 
       6.629187334207e-03       2.235629449471e+04 
       6.751471415751e-03       2.255076886953e+04 
       6.873860516055e-03       2.276803182110e+04 
       6.996349889811e-03       2.295180193053e+04 
       7.118935112214e-03       2.315053240015e+04 
       7.241612054372e-03       2.335548064587e+04 
       7.364376860926e-03       2.353641713455e+04 
       7.487225929663e-03       2.370289256343e+04 
       7.610155892915e-03       2.387644261933e+04 
       7.733163600576e-03       2.405009252075e+04 
       7.856246104574e-03       2.422388133662e+04 
       7.979400644669e-03       2.439746287395e+04 
       8.102624635441e-03       2.454952871907e+04 
       8.225915654358e-03       2.471205559404e+04 
       8.349271430832e-03       2.485482550683e+04 
       8.472689836157e-03       2.498305897471e+04 
       8.596168874267e-03       2.512601150780e+04 
       8.719706673222e-03       2.526884806400e+04 
       8.843301477379e-03       2.538790327081e+04 
       8.966951640156e-03       2.552555335696e+04 
       9.090655617379e-03       2.563975980480e+04 
       9.214411961119e-03       2.577911323966e+04 
       9.338219314012e-03       2.589006279838e+04 
       9.462076404002e-03       2.598836150346e+04 
       9.585982039470e-03       2.609726505962e+04 
       9.709935104739e-03       2.620308242867e+04 
       9.833934555894e-03       2.630975690938e+04 
       9.957979416917e-03       2.640620893028e+04 
       1.008206877610e-02       2.652184397675e+04 
       1.020620178271e-02       2.659371037488e+04 
       1.033037764390e-02       2.667210447356e+04 
       1.045459562183e-02       2.676241528526e+04 
       1.057885503102e-02       2.683742409469e+04 
       1.070315523584e-02       2.691891931096e+04 
       1.082749564822e-02       2.699822450655e+04 
       1.095187572548e-02       2.706969130964e+04 
       1.107629496836e-02       2.712058588087e+04 
       1.120075291917e-02       2.719516561177e+04 
       1.132524916000e-02       2.725243822531e+04 
       1.144978331117e-02       2.730059141711e+04 
       1.157435502972e-02       2.735451752475e+04 
       1.169896400796e-02       2.741612977358e+04 
       1.182360997227e-02       2.747396896030e+04 
       1.194829268179e-02       2.750496378455e+04 
       1.207301192736e-02       2.754695927394e+04 
       1.219776753047e-02       2.759219838287e+04 
       1.232255934224e-02       2.762126073447e+04 
       1.244738724260e-02       2.765381277704e+04 
       1.257225113936e-02       2.769299517048e+04 
       1.269715096752e-02       2.772083920811e+04 
       1.282208668850e-02       2.775158856131e+04 
       1.294705828948e-02       2.776557962770e+04 
       1.307206578281e-02       2.779535302298e+04 
       1.319710920544e-02       2.780450068911e+04 
       1.332218861837e-02       2.782870414017e+04 
       1.344730410622e-02       2.783743177029e+04 
       1.357245577674e-02       2.784412473365e+04 
       1.369764376048e-02       2.786648294969e+04 
       1.382286821037e-02       2.786334012787e+04 
       1.394812930142e-02       2.787338270325e+04 
       1.407342723043e-02       2.787495320103e+04 
       1.419876221570e-02       2.786970286041e+04 
       1.432413449685e-02       2.786603106129e+04 
       1.444954433457e-02       2.785802158507e+04 
       1.457499201048e-02       2.786048224528e+04 
       1.470047782695e-02       2.784302489894e+04 
       1.482600210698e-02       2.783725802751e+04 
       1.495156519416e-02       2.781744123940e+04 
       1.507716745250e-02       2.780326807388e+04 
       1.520280926646e-02       2.779008137722e+04 
       1.532849104086e-02       2.778245491462e+04 
       1.545421320093e-02       2.774894827563e+04 
       1.557997619225e-02       2.773377009094e+04 
       1.570578048085e-02       2.770962535926e+04 
       1.583162655322e-02       2.767738816640e+04 
       1.595751491640e-02       2.765765704742e+04 
       1.608344609806e-02       2.762697076258e+04 
       1.620942064661e-02       2.758759123188e+04 
       1.633543913131e-02       2.755003317667e+04 
       1.646150214246e-02       2.752080811357e+04 
       1.658761029149e-02       2.748393838469e+04 
       1.671376421121e-02       2.744387032902e+04 
       1.683996455595e-02       2.740231569515e+04 
       1.696621200179e-02       2.736688473740e+04 
       1.709250724682e-02       2.732935000135e+04 
       1.721885101131e-02       2.728066119784e+04 
       1.734524403804e-02       2.723074311467e+04 
       1.747168709257e-02       2.718083288547e+04 
       1.759818096347e-02       2.713919909071e+04 
       1.772472646273e-02       2.709263411076e+04 
       1.785132442599e-02       2.703381255242e+04 
       1.797797571296e-02       2.697802749282e+04 
       1.810468120773e-02       2.692576016971e+04 
       1.823144181917e-02       2.687131292808e+04 
       1.835825848131e-02       2.681572318908e+04 
       1.848513215378e-02       2.675674103355e+04 
       1.861206382218e-02       2.669467309018e+04 
       1.873905449860e-02       2.663911831148e+04 
       1.886610522203e-02       2.657585151195e+04 
       1.899321705885e-02       2.651170689693e+04 
       1.912039110333e-02       2.645270157561e+04 
       1.924762847817e-02       2.638589922890e+04 
       1.937493033500e-02       2.632202411976e+04 
       1.950229785497e-02       2.625024256484e+04 
       1.962973224930e-02       2.619101158538e+04 
       1.975723475988e-02       2.611964003589e+04 
       1.988480665990e-02       2.604988189929e+04 
       2.001244925446e-02       2.597264458127e+04 
       2.014016388126e-02       2.590138137492e+04 
       2.026795191123e-02       2.582760305676e+04 
       2.039581474929e-02       2.575459937553e+04 
       2.052375383505e-02       2.567983032501e+04 
       2.065177064353e-02       2.560615020580e+04 
       2.077986668596e-02       2.552942017832e+04 
       2.090804351059e-02       2.545064028699e+04 
       2.103630270348e-02       2.537533671950e+04 
       2.116464588935e-02       2.529512620457e+04 
       2.129307473248e-02       2.521412166454e+04 
       2.142159093761e-02       2.513556217270e+04 
       2.155019625082e-02       2.505369788379e+04 
       2.167889246056e-02       2.497537252221e+04 
       2.180768139859e-02       2.488859303890e+04 
       2.193656494102e-02       2.481071195551e+04 
       2.206554500938e-02       2.472670388645e+04 
       2.219462357167e-02       2.463924123786e+04 
       2.232380264349e-02       2.455463174386e+04 
       2.245308428923e-02       2.447363278180e+04 
       2.258247062320e-02       2.438382963115e+04 
       2.271196381094e-02       2.429503171343e+04 
       2.284156607040e-02       2.421046584731e+04 
       2.297127967332e-02       2.411975417031e+04 
       2.310110694654e-02       2.403267494015e+04 
       2.323105027341e-02       2.394365605668e+04 
       2.336111209523e-02       2.385728092601e+04 
       2.349129491272e-02       2.377022545432e+04 
       2.362160128756e-02       2.367587577908e+04 
       2.375203384399e-02       2.358644459650e+04 
       2.388259527041e-02       2.349293554553e+04 
       2.401328832109e-02       2.340211870990e+04 
       2.414411581789e-02       2.331006892163e+04 
       2.427508065210e-02       2.322189606953e+04 
       2.440618578624e-02       2.312575704727e+04 
       2.453743425605e-02       2.303769188496e+04 
       2.466882917240e-02       2.293966839748e+04 
       2.480037372340e-02       2.284671097061e+04 
       2.493207117651e-02       2.275280849044e+04 
       2.506392488069e-02       2.266019810989e+04 
       2.519593826873e-02       2.256488937417e+04 
       2.532811485955e-02       2.247461524336e+04 
       2.546045826064e-02       2.237609616774e+04 
       2.559297217060e-02       2.227986803214e+04 
       2.572566038168e-02       2.218549454661e+04 
       2.585852678252e-02       2.209199558908e+04 
       2.599157536092e-02       2.199861774863e+04 
       2.612481020671e-02       2.189959949615e+04 
       2.625823551477e-02       2.180226783480e+04 
       2.639185558811e-02       2.170651509046e+04 
       2.652567484107e-02       2.161094405685e+04 
       2.665969780265e-02       2.151369823844e+04 
       2.679392912000e-02       2.142141945027e+04 
       2.692837356192e-02       2.132178853667e+04 
       2.706303602267e-02       2.122708221255e+04 
       2.719792152571e-02       2.112996829408e+04 
       2.733303522781e-02       2.103070050498e+04 
       2.746838242312e-02       2.093431297425e+04 
       2.760396854751e-02       2.083683401488e+04 
       2.773979918307e-02       2.074072670425e+04 
       2.787588006273e-02       2.064419923130e+04 
       2.801221707510e-02       2.054715046994e+04 
       2.814881626952e-02       2.045016778149e+04 
       2.828568386129e-02       2.035206989707e+04 
       2.842282623709e-02       2.025614939283e+04 
       2.856024996065e-02       2.015893442223e+04 
       2.869796177868e-02       2.006045461179e+04 
       2.883596862697e-02       1.996563899999e+04 
       2.897427763678e-02       1.986756114786e+04 
       2.911289614156e-02       1.976958781166e+04 
       2.925183168384e-02       1.967434487416e+04 
       2.939109202251e-02       1.957672484382e+04 
       2.953068514035e-02       1.947909594193e+04 
       2.967061925196e-02       1.938297690865e+04 
       2.981090281193e-02       1.928732995901e+04 
       2.995154452351e-02       1.918960252653e+04 
       3.009255334754e-02       1.909308393507e+04 
       3.023393851184e-02       1.899687864291e+04 
       3.037570952106e-02       1.890195372941e+04 
       3.051787616690e-02       1.880438833474e+04 
       3.066044853888e-02       1.870843396642e+04 
       3.080343703557e-02       1.861417169198e+04 
       3.094685237638e-02       1.851706083712e+04 
       3.109070561386e-02       1.842332213924e+04 
       3.123500814666e-02       1.832619762645e+04 
       3.137977173307e-02       1.823370449613e+04 
       3.152500850524e-02       1.813618457064e+04 
       3.167073098412e-02       1.804335359683e+04 
       3.181695209513e-02       1.794803062035e+04 
       3.196368518458e-02       1.785149581501e+04 
       3.211094403705e-02       1.775913987875e+04 
       3.225874289353e-02       1.766376101631e+04 
       3.240709647056e-02       1.757063734130e+04 
       3.255601998044e-02       1.747727454892e+04 
       3.270552915239e-02       1.738276699648e+04 
       3.285564025494e-02       1.728946141174e+04 
       3.300637011953e-02       1.719492328378e+04 
       3.315773616536e-02       1.710336200587e+04 
       3.330975642564e-02       1.701042096700e+04 
       3.346244957533e-02       1.691617508328e+04 
       3.361583496047e-02       1.682481666936e+04 
       3.376993262912e-02       1.673180138247e+04 
       3.392476336416e-02       1.663955044836e+04 
       3.408034871802e-02       1.654761340920e+04 
       3.423671104942e-02       1.645767675819e+04 
       3.439387356238e-02       1.636459248358e+04 
       3.455186034754e-02       1.627337543004e+04 
       3.471069642607e-02       1.618252856592e+04 
       3.487040779632e-02       1.609209699530e+04 
       3.503102148334e-02       1.600264655337e+04 
       3.519256559167e-02       1.591157924427e+04 
       3.535506936142e-02       1.582230197377e+04 
       3.551856322815e-02       1.573247039389e+04 
       3.568307888661e-02       1.564329425388e+04 
       3.584864935879e-02       1.555224419702e+04 
       3.601530906666e-02       1.546357759979e+04 
       3.618309390985e-02       1.537561957103e+04 
       3.635204134876e-02       1.528583103357e+04 
       3.652219049364e-02       1.519714027341e+04 
       3.669358219994e-02       1.510894537973e+04 
       3.686625917072e-02       1.502124481487e+04 
       3.704026606650e-02       1.493320732586e+04 
       3.721564962350e-02       1.484602792843e+04 
       3.739245878068e-02       1.475851145333e+04 
       3.757074481670e-02       1.467252980177e+04 
       3.775056149755e-02       1.458429485417e+04 
       3.793196523591e-02       1.449800165665e+04 
       3.811501526339e-02       1.441130448283e+04 
       3.829977381681e-02       1.432535699448e+04 
       3.848630634006e-02       1.423879722488e+04 
       3.867468170298e-02       1.415324639819e+04 
       3.886497243901e-02       1.406795188037e+04 
       3.905725500368e-02       1.398188819845e+04 
       3.925161005599e-02       1.389672518977e+04 
       3.944812276516e-02       1.381166656165e+04 
       3.964688314567e-02       1.372675345638e+04 
       3.984798642349e-02       1.364182914173e+04 
       4.005153343723e-02       1.355744827727e+04 
       4.025763107813e-02       1.347313782692e+04 
       4.046639277339e-02       1.338844597725e+04 
       4.067793901815e-02       1.330454087513e+04 
       4.089239796190e-02       1.322055282635e+04 
       4.110990605605e-02       1.313674781882e+04 
       4.133060877047e-02       1.305320450021e+04 
       4.155466138784e-02       1.296907257731e+04 
       4.178222988591e-02       1.288659382265e+04 
       4.201349191953e-02       1.280228444571e+04 
       4.224863791612e-02       1.271969303312e+04 
       4.248787230022e-02       1.263592762944e+04 
       4.273141486570e-02       1.255271840905e+04 
       4.297950231697e-02       1.246941055624e+04 
       4.323239000437e-02       1.238621780812e+04 
       4.349035388329e-02       1.230355250762e+04 
       4.375369273172e-02       1.221995321773e+04 
       4.402273066744e-02       1.213680592684e+04 
       4.429782001367e-02       1.205438171754e+04 
       4.457934457107e-02       1.197097910823e+04 
       4.486772336585e-02       1.188759832241e+04 
       4.516341495705e-02       1.180431900995e+04 
       4.546692240344e-02       1.172021396131e+04 
       4.577879901135e-02       1.163710006084e+04 
       4.609965501095e-02       1.155293512644e+04 
       4.643016534051e-02       1.146889747868e+04 
       4.677107875895e-02       1.138457514405e+04 
       4.712322855748e-02       1.130012906764e+04 
       4.748754520479e-02       1.121531435980e+04 
       4.786507134121e-02       1.112979603249e+04 
       4.825697963898e-02       1.104412070882e+04 
       4.866459417595e-02       1.095789622110e+04 
       4.908941613553e-02       1.087135413964e+04 
       4.953315485626e-02       1.078347547407e+04 
       4.999776552356e-02       1.069559021845e+04 
       5.048549513678e-02       1.060631444360e+04 
       5.099893881399e-02       1.051651438538e+04 
       5.154110903008e-02       1.042470179982e+04 
       5.211552102832e-02       1.033180522263e+04 
       5.272629839130e-02       1.023749740257e+04 
       5.337830354326e-02       1.014091489418e+04 
       5.407729862152e-02       1.004162458081e+04 
       5.483014232419e-02       9.939725207465e+03 
       5.564502722234e-02       9.833994693466e+03 
       5.653175803376e-02       9.722882707728e+03 
       5.750206148756e-02       9.606169121909e+03 
       5.856989732770e-02       9.480936803015e+03 
       5.975169915759e-02       9.345382818288e+03 
       6.106640212712e-02       9.195527710002e+03 
       6.253500511030e-02       9.027098068499e+03 
       6.417928840440e-02       8.833265608012e+03 
       6.601926115904e-02       8.606609585936e+03 
       6.806917176393e-02       8.338692535942e+03 
       7.033274917929e-02       8.022567621136e+03 
       7.279961019883e-02       7.654160837401e+03 
       7.544532896564e-02       7.236205476604e+03 
       7.823609198513e-02       6.779054060434e+03 
       8.113584469690e-02       6.300381724008e+03 
       8.411240098194e-02       5.820888427132e+03 
       8.714047332809e-02       5.361166705692e+03 
       9.020190453371e-02       4.938197648373e+03 
       9.328443036007e-02       4.563749778660e+03 
       9.638009257367e-02       4.243861141517e+03 
       9.948385760808e-02       3.979326178830e+03 
       1.025925923304e-01       3.766634775493e+03 
       1.057043656785e-01       3.599056101663e+03 
       1.088179945712e-01       3.467750479732e+03 
       1.119327567463e-01       3.362671708375e+03 
       1.150482121408e-01       3.273503836780e+03 
       1.181640928834e-01       3.190564035016e+03 
       1.212802359464e-01       3.105439853850e+03 
       1.243965420621e-01       3.011815610640e+03 
       1.275129507151e-01       2.905839289967e+03 
       1.306294249387e-01       2.786335544834e+03 
       1.337459420793e-01       2.654572497774e+03 
       1.368624881874e-01       2.513801318986e+03 
       1.399790546115e-01       2.368562417227e+03 
       1.430956359301e-01       2.223864050730e+03 
       1.462122286954e-01       2.084570521428e+03 
       1.493288306696e-01       1.954768383530e+03 
       1.524454403603e-01       1.837484911965e+03 
       1.555620567379e-01       1.734482930408e+03 
       1.586786790629e-01       1.646306173916e+03 
       1.617953067804e-01       1.572387301880e+03 
       1.649119394552e-01       1.511269953281e+03 
       1.680285767320e-01       1.460830643804e+03 
       1.711452183102e-01       1.418529429779e+03 
       1.742618639285e-01       1.381672167616e+03 
       1.773785133549e-01       1.347900676421e+03 
       1.804951663797e-01       1.314800264048e+03 
       1.836118228118e-01       1.280181020202e+03 
       1.867284824753e-01       1.242671223045e+03 
       1.898451452073e-01       1.201591887306e+03 
       1.929618108566e-01       1.156964504256e+03 
       1.960784792821e-01       1.109423050292e+03 
       1.991951503518e-01       1.060036275397e+03 
       2.023118239425e-01       1.010095391381e+03 
       2.054284999382e-01       9.609063793814e+02 
       2.085451782302e-01       9.136390828042e+02 
       2.116618587162e-01       8.692334165641e+02 
       2.147785413001e-01       8.283636517411e+02 
       2.178952258911e-01       7.914316749143e+02 
       2.210119124038e-01       7.585757488877e+02 
       2.241286007573e-01       7.296835337564e+02 
       2.272452908754e-01       7.044148601066e+02 
       2.303619826860e-01       6.822392250158e+02 
       2.334786761210e-01       6.624931891720e+02 
       2.365953711156e-01       6.444531470428e+02 
       2.397120676086e-01       6.274133693791e+02 
       2.428287655420e-01       6.107546563133e+02 
       2.459454648607e-01       5.939918378479e+02 
       2.490621655123e-01       5.767964977531e+02 
       2.521788674472e-01       5.589969907282e+02 
       2.552955706180e-01       5.405684404174e+02 
       2.584122749797e-01       5.216109383602e+02 
       2.615289804896e-01       5.023286600557e+02 
       2.646456871068e-01       4.830010482505e+02 
       2.677623947924e-01       4.639496058956e+02 
       2.708791035093e-01       4.454963696298e+02 
       2.739958132222e-01       4.279256316394e+02 
       2.771125238973e-01       4.114503600503e+02 
       2.802292355022e-01       3.961943163296e+02 
       2.833459480062e-01       3.821905369224e+02 
       2.864626613796e-01       3.693951560425e+02 
       2.895793755944e-01       3.577045278457e+02 
       2.926960906234e-01       3.469782518366e+02 
       2.958128064409e-01       3.370540317148e+02 
       2.989295230219e-01       3.277608722368e+02 
       3.020462403429e-01       3.189274844414e+02 
       3.051629583808e-01       3.103921693816e+02 
       3.082796771140e-01       3.020156167414e+02 
       3.113963965215e-01       2.936904924977e+02 
       3.145131165830e-01       2.853519814875e+02 
       3.176298372793e-01       2.769800732196e+02 
       3.207465585917e-01       2.685940201652e+02 
       3.238632805024e-01       2.602434054121e+02 
       3.269800029942e-01       2.519930667952e+02 
       3.300967260505e-01       2.439131835145e+02 
       3.332134496555e-01       2.360703237763e+02 
       3.363301737937e-01       2.285239614448e+02 
       3.394468984506e-01       2.213223019485e+02 
       3.425636236118e-01       2.145016489526e+02 
       3.456803492636e-01       2.080828118113e+02 
       3.487970753928e-01       2.020680091612e+02 
       3.519138019867e-01       1.964405644282e+02 
       3.550305290330e-01       1.911657229006e+02 
       3.581472565199e-01       1.861968616968e+02 
       3.612639844358e-01       1.814815037890e+02 
       3.643807127697e-01       1.769694446625e+02 
       3.674974415110e-01       1.726172754897e+02 
       3.706141706493e-01       1.683906566603e+02 
       3.737309001747e-01       1.642641067088e+02 
       3.768476300774e-01       1.602192331089e+02 
       3.799643603483e-01       1.562443920511e+02 
       3.830810909782e-01       1.523346437828e+02 
       3.861978219584e-01       1.484914406780e+02 
       3.893145532805e-01       1.447231148647e+02 
       3.924312849363e-01       1.410435069984e+02 
       3.955480169179e-01       1.374689610205e+02 
       3.986647492177e-01       1.340152927919e+02 
       4.017814818281e-01       1.306943752446e+02 
       4.048982147420e-01       1.275134557099e+02 
       4.080149479523e-01       1.244743599069e+02 
       4.111316814525e-01       1.215759174165e+02 
       4.142484152358e-01       1.188145999282e+02 
       4.173651492959e-01       1.161853940027e+02 
       4.204818836266e-01       1.136820654024e+02 
       4.235986182219e-01       1.112960408171e+02 
       4.267153530761e-01       1.090160334323e+02 
       4.298320881834e-01       1.068288710264e+02 
       4.329488235384e-01       1.047205801454e+02 
       4.360655591357e-01       1.026785925310e+02 
       4.391822949702e-01       1.006930660051e+02 
       4.422990310368e-01       9.875784996541e+01 
       4.454157673306e-01       9.686960256526e+01 
       4.485325038470e-01       9.502722727623e+01 
       4.516492405812e-01       9.323056116036e+01 
       4.547659775288e-01       9.147997143986e+01 
       4.578827146854e-01       8.977651076924e+01 
       4.609994520467e-01       8.812235227340e+01 
       4.641161896087e-01       8.652076742084e+01 
       4.672329273672e-01       8.497583130625e+01 
       4.703496653184e-01       8.349141675019e+01 
       4.734664034584e-01       8.206964621824e+01 
       4.765831417836e-01       8.071068813857e+01 
       4.796998802903e-01       7.941203357007e+01 
       4.828166189749e-01       7.816971347989e+01 
       4.859333578341e-01       7.697899300885e+01 
       4.890500968645e-01       7.583553651790e+01 
       4.921668360628e-01       7.473541855741e+01 
       4.952835754258e-01       7.367518353693e+01 
       4.984003149506e-01       7.265148264921e+01 
       5.015170546339e-01       7.166080876000e+01 
       5.046337944729e-01       7.069942577053e+01 
       5.077505344648e-01       6.976436673669e+01 
       5.108672746066e-01       6.885355643664e+01 
       5.139840148957e-01       6.796651895687e+01 
       5.171007553294e-01       6.710396643047e+01 
       5.202174959051e-01       6.626707430569e+01 
       5.233342366202e-01       6.545699735694e+01 
       5.264509774723e-01       6.467405346694e+01 
       5.295677184589e-01       6.391797830751e+01 
       5.326844595777e-01       6.318793013128e+01 
       5.358012008263e-01       6.248332284810e+01 
       5.389179422025e-01       6.180394757446e+01 
       5.420346837041e-01       6.114985402171e+01 
       5.451514253289e-01       6.052104802843e+01 
       5.482681670749e-01       5.991693016846e+01 
       5.513849089399e-01       5.933616375868e+01 
       5.545016509219e-01       5.877678447686e+01 
       5.576183930191e-01       5.823655101618e+01 
       5.607351352294e-01       5.771364495147e+01 
       5.638518775509e-01       5.720686715118e+01 
       5.669686199819e-01       5.671555343525e+01 
       5.700853625206e-01       5.623925318263e+01 
       5.732021051651e-01       5.577736052986e+01 
       5.763188479137e-01       5.532890082469e+01 
       5.794355907648e-01       5.489270205778e+01 
       6.098302125246e-01       5.123224865978e+01 
       6.451098032362e-01       4.808540128716e+01 
       6.874216345822e-01       4.510740800802e+01 
       7.405685690402e-01       4.179850619512e+01 
       8.118969884913e-01       3.706481671872e+01 
       9.167032144993e-01       2.891062409529e+01 
       1.084958535808e+00       1.670424632338e+01 
       1.346126379836e+00       8.796624537200e+00 
       1.693416794499e+00       6.018724306929e+00 
