# Matter power spectrum P(k) at redshift z=0
# for k=1.04398e-05 to 1.75847 h/Mpc,
# number of wavenumbers equal to 569
#    1:k (h/Mpc)              2:P (Mpc/h)^3        
       1.043977266149e-05       5.260421525146e+01 
       2.330511138915e-05       1.138906870037e+02 
       3.621559087502e-05       1.740324496426e+02 
       4.920586353651e-05       2.337047599419e+02 
       6.231115362578e-05       2.932874882023e+02 
       7.556757055645e-05       3.530626587129e+02 
       8.901243222674e-05       4.132697072204e+02 
       1.026846026297e-04       4.741280407152e+02 
       1.166248480736e-04       5.358485404176e+02 
       1.308762163708e-04       5.986404772834e+02 
       1.454844433562e-04       6.627162725781e+02 
       1.604983910442e-04       7.282951693410e+02 
       1.759705215502e-04       7.956063366848e+02 
       1.919574105470e-04       8.648916845148e+02 
       2.085203033695e-04       9.364085444681e+02 
       2.257257158280e-04       1.010432305352e+03 
       2.436460801420e-04       1.087259048693e+03 
       2.623604339737e-04       1.167208198134e+03 
       2.819551470349e-04       1.250625167797e+03 
       3.025246748531e-04       1.337883964823e+03 
       3.241723226232e-04       1.429389666959e+03 
       3.470109932567e-04       1.525580654873e+03 
       3.711638823798e-04       1.626930429369e+03 
       3.967650688873e-04       1.733948784987e+03 
       4.239599327273e-04       1.847182044647e+03 
       4.529053123967e-04       1.967211988141e+03 
       4.837692944779e-04       2.094653037331e+03 
       5.167305089410e-04       2.230147204539e+03 
       5.519767908813e-04       2.374356285485e+03 
       5.897030676306e-04       2.527950807953e+03 
       6.301083470356e-04       2.691595360344e+03 
       6.733917260038e-04       2.865930148111e+03 
       7.197474146287e-04       3.051548979573e+03 
       7.693588822716e-04       3.248974363278e+03 
       8.223923716099e-04       3.458630969966e+03 
       8.789901772971e-04       3.680819293148e+03 
       9.392642183356e-04       3.915691812227e+03 
       1.003290511228e-03       4.163234179621e+03 
       1.071105140872e-03       4.423253794098e+03 
       1.142702210151e-03       4.695377526409e+03 
       1.218034036017e-03       4.979059373114e+03 
       1.297013587153e-03       5.273597589008e+03 
       1.379518883589e-03       5.578159637216e+03 
       1.465398860719e-03       5.891812374592e+03 
       1.554480080352e-03       6.213554471867e+03 
       1.646573661737e-03       6.542348221173e+03 
       1.741481889218e-03       6.877148496234e+03 
       1.839004095367e-03       7.216927455971e+03 
       1.938941579830e-03       7.560694355768e+03 
       2.041101472643e-03       7.907495877793e+03 
       2.145299567137e-03       8.256462807667e+03 
       2.251362225052e-03       8.606792411256e+03 
       2.359127497946e-03       8.957746361343e+03 
       2.468445621947e-03       9.308656497618e+03 
       2.579179036598e-03       9.658922584349e+03 
       2.691202061045e-03       1.000800882404e+04 
       2.804400338522e-03       1.035543961666e+04 
       2.918670137140e-03       1.070079488563e+04 
       3.033917573947e-03       1.104370521074e+04 
       3.150057811174e-03       1.138384699017e+04 
       3.267014258978e-03       1.172093782864e+04 
       3.384717807534e-03       1.205473227442e+04 
       3.503106102728e-03       1.238501793668e+04 
       3.622122873364e-03       1.271161192999e+04 
       3.741717313366e-03       1.303435764627e+04 
       3.861843519347e-03       1.335312185302e+04 
       3.982459981943e-03       1.366779211135e+04 
       4.103529128035e-03       1.397827447778e+04 
       4.225016910296e-03       1.428449143998e+04 
       4.346892440169e-03       1.458638003850e+04 
       4.469127660326e-03       1.488389016417e+04 
       4.591697052730e-03       1.517698302959e+04 
       4.714577378665e-03       1.546562982901e+04 
       4.837747447305e-03       1.574981082213e+04 
       4.961187909722e-03       1.602951358388e+04 
       5.084881075482e-03       1.630473243736e+04 
       5.208810749303e-03       1.657546763357e+04 
       5.332962085475e-03       1.684172288493e+04 
       5.457321458029e-03       1.710350932024e+04 
       5.581876344840e-03       1.736084191484e+04 
       5.706615224071e-03       1.761373851698e+04 
       5.831527481558e-03       1.786222021260e+04 
       5.956603327873e-03       1.810631095504e+04 
       6.081833723981e-03       1.834603722358e+04 
       6.207210314523e-03       1.858142771446e+04 
       6.332725367860e-03       1.881251303729e+04 
       6.458371722137e-03       1.903932550098e+04 
       6.584142736697e-03       1.926189877071e+04 
       6.710032248271e-03       1.948026768635e+04 
       6.836034531410e-03       1.969446807372e+04 
       6.962144262713e-03       1.990453655931e+04 
       7.088356488455e-03       2.011051042790e+04 
       7.214666595239e-03       2.031242750516e+04 
       7.341070283372e-03       2.051032605486e+04 
       7.467563542683e-03       2.070424470876e+04 
       7.594142630516e-03       2.089422239711e+04 
       7.720804051712e-03       2.108029829501e+04 
       7.847544540344e-03       2.126251177424e+04 
       7.974361043059e-03       2.144090234703e+04 
       8.101250703858e-03       2.161550962125e+04 
       8.228210850178e-03       2.178637324130e+04 
       8.355238980151e-03       2.195353283557e+04 
       8.482332750924e-03       2.211702796200e+04 
       8.609489967957e-03       2.227689805031e+04 
       8.736708575182e-03       2.243318236093e+04 
       8.863986645972e-03       2.258591993358e+04 
       8.991322374827e-03       2.273514956151e+04 
       9.118714069722e-03       2.288090976244e+04 
       9.246160145057e-03       2.302323876591e+04 
       9.373659115154e-03       2.316217451184e+04 
       9.501209588258e-03       2.329775465245e+04 
       9.628810260993e-03       2.343001657090e+04 
       9.756459913241e-03       2.355899738615e+04 
       9.884157403403e-03       2.368473397083e+04 
       1.001190166402e-02       2.380726294622e+04 
       1.013969169769e-02       2.392662068844e+04 
       1.026752657336e-02       2.404284330973e+04 
       1.039540542274e-02       2.415596665082e+04 
       1.052332743719e-02       2.426602624924e+04 
       1.065129186459e-02       2.437305732571e+04 
       1.077929800666e-02       2.447709475095e+04 
       1.090734521628e-02       2.457817303082e+04 
       1.103543289515e-02       2.467632629177e+04 
       1.116356049152e-02       2.477158827866e+04 
       1.129172749809e-02       2.486399236423e+04 
       1.141993345011e-02       2.495357156859e+04 
       1.154817792357e-02       2.504035858996e+04 
       1.167646053353e-02       2.512438583944e+04 
       1.180478093252e-02       2.520568547910e+04 
       1.193313880916e-02       2.528428945513e+04 
       1.206153388675e-02       2.536022952962e+04 
       1.218996592207e-02       2.543353729889e+04 
       1.231843470417e-02       2.550424420802e+04 
       1.244694005330e-02       2.557238155310e+04 
       1.257548181993e-02       2.563798046957e+04 
       1.270405988378e-02       2.570107189462e+04 
       1.283267415299e-02       2.576168639033e+04 
       1.296132456327e-02       2.581985380371e+04 
       1.309001107723e-02       2.587560299647e+04 
       1.321873368360e-02       2.592896214440e+04 
       1.334749239669e-02       2.597995945370e+04 
       1.347628725573e-02       2.602862347998e+04 
       1.360511832440e-02       2.607498290419e+04 
       1.373398569028e-02       2.611906626320e+04 
       1.386288946443e-02       2.616090214642e+04 
       1.399182978097e-02       2.620051701260e+04 
       1.412080679673e-02       2.623794016878e+04 
       1.424982069086e-02       2.627319827061e+04 
       1.437887166461e-02       2.630631844249e+04 
       1.450795994095e-02       2.633732755965e+04 
       1.463708576445e-02       2.636625226546e+04 
       1.476624940097e-02       2.639311898069e+04 
       1.489545113754e-02       2.641795390878e+04 
       1.502469128219e-02       2.644078303988e+04 
       1.515397016379e-02       2.646163215462e+04 
       1.528328813202e-02       2.648052682709e+04 
       1.541264555720e-02       2.649749242869e+04 
       1.554204283030e-02       2.651255412567e+04 
       1.567148036289e-02       2.652573689134e+04 
       1.580095858711e-02       2.653706549991e+04 
       1.593047795572e-02       2.654656453260e+04 
       1.606003894206e-02       2.655425837937e+04 
       1.618964204018e-02       2.656017124110e+04 
       1.631928776486e-02       2.656432713168e+04 
       1.644897665171e-02       2.656674987989e+04 
       1.657870925728e-02       2.656746313159e+04 
       1.670848615917e-02       2.656649035096e+04 
       1.683830795621e-02       2.656385482303e+04 
       1.696817526856e-02       2.655957965535e+04 
       1.709808873797e-02       2.655368777929e+04 
       1.722804902788e-02       2.654620195210e+04 
       1.735805682372e-02       2.653714475848e+04 
       1.748811283309e-02       2.652653861200e+04 
       1.761821778600e-02       2.651440575565e+04 
       1.774837243517e-02       2.650076826493e+04 
       1.787857755627e-02       2.648564804758e+04 
       1.800883394824e-02       2.646906684637e+04 
       1.813914243362e-02       2.645104623800e+04 
       1.826950385881e-02       2.643160763653e+04 
       1.839991909450e-02       2.641077229259e+04 
       1.853038903597e-02       2.638856129554e+04 
       1.866091460349e-02       2.636499557360e+04 
       1.879149674275e-02       2.634009589484e+04 
       1.892213642521e-02       2.631388286872e+04 
       1.905283464857e-02       2.628637694535e+04 
       1.918359243722e-02       2.625759841772e+04 
       1.931441084268e-02       2.622756742168e+04 
       1.944529094413e-02       2.619630393595e+04 
       1.957623384886e-02       2.616382778418e+04 
       1.970724069282e-02       2.613015863399e+04 
       1.983831264116e-02       2.609531599784e+04 
       1.996945088877e-02       2.605931923441e+04 
       2.010065666089e-02       2.602218754768e+04 
       2.023193121369e-02       2.598393998779e+04 
       2.036327583486e-02       2.594459545198e+04 
       2.049469184432e-02       2.590417268464e+04 
       2.062618059482e-02       2.586269027610e+04 
       2.075774347265e-02       2.582016666528e+04 
       2.088938189833e-02       2.577662013824e+04 
       2.102109732735e-02       2.573206882860e+04 
       2.115289125094e-02       2.568653071866e+04 
       2.128476519679e-02       2.564002363879e+04 
       2.141672072993e-02       2.559256526646e+04 
       2.154875945347e-02       2.554417312835e+04 
       2.168088300952e-02       2.549486460009e+04 
       2.181309308004e-02       2.544465690442e+04 
       2.194539138774e-02       2.539356711347e+04 
       2.207777969703e-02       2.534161214756e+04 
       2.221025981499e-02       2.528880877492e+04 
       2.234283359235e-02       2.523517361373e+04 
       2.247550292450e-02       2.518072312899e+04 
       2.260826975260e-02       2.512547363460e+04 
       2.274113606461e-02       2.506944129327e+04 
       2.287410389647e-02       2.501264211580e+04 
       2.300717533320e-02       2.495509196056e+04 
       2.314035251016e-02       2.489680653428e+04 
       2.327363761424e-02       2.483780139174e+04 
       2.340703288516e-02       2.477809193587e+04 
       2.354054061675e-02       2.471769341718e+04 
       2.367416315835e-02       2.465662093344e+04 
       2.380790291616e-02       2.459488943066e+04 
       2.394176235472e-02       2.453251370113e+04 
       2.407574399839e-02       2.446950838532e+04 
       2.420985043286e-02       2.440588797012e+04 
       2.434408430678e-02       2.434166679051e+04 
       2.447844833336e-02       2.427685902737e+04 
       2.461294529207e-02       2.421147870813e+04 
       2.474757803040e-02       2.414553970700e+04 
       2.488234946566e-02       2.407905574472e+04 
       2.501726258679e-02       2.401204038821e+04 
       2.515232045639e-02       2.394450705098e+04 
       2.528752621258e-02       2.387646899041e+04 
       2.542288307116e-02       2.380793931215e+04 
       2.555839432768e-02       2.373893096621e+04 
       2.569406335964e-02       2.366945674852e+04 
       2.582989362876e-02       2.359952929976e+04 
       2.596588868334e-02       2.352916110654e+04 
       2.610205216066e-02       2.345836450045e+04 
       2.623838778952e-02       2.338715165651e+04 
       2.637489939284e-02       2.331553459630e+04 
       2.651159089030e-02       2.324352518523e+04 
       2.664846630118e-02       2.317113513332e+04 
       2.678552974723e-02       2.309837599502e+04 
       2.692278545563e-02       2.302525916887e+04 
       2.706023776212e-02       2.295179589755e+04 
       2.719789111415e-02       2.287799726792e+04 
       2.733575007428e-02       2.280387420997e+04 
       2.747381932354e-02       2.272943749839e+04 
       2.761210366507e-02       2.265469775029e+04 
       2.775060802778e-02       2.257966542752e+04 
       2.788933747019e-02       2.250435083438e+04 
       2.802829718446e-02       2.242876411803e+04 
       2.816749250046e-02       2.235291526973e+04 
       2.830692889014e-02       2.227681412344e+04 
       2.844661197195e-02       2.220047035488e+04 
       2.858654751545e-02       2.212389348379e+04 
       2.872674144621e-02       2.204709287217e+04 
       2.886719985072e-02       2.197007772366e+04 
       2.900792898166e-02       2.189285708514e+04 
       2.914893526331e-02       2.181543984496e+04 
       2.929022529716e-02       2.173783473378e+04 
       2.943180586777e-02       2.166005032417e+04 
       2.957368394891e-02       2.158209502967e+04 
       2.971586670988e-02       2.150397710643e+04 
       2.985836152215e-02       2.142570465118e+04 
       3.000117596627e-02       2.134728560142e+04 
       3.014431783903e-02       2.126872773658e+04 
       3.028779516101e-02       2.119003867561e+04 
       3.043161618435e-02       2.111122587930e+04 
       3.057578940096e-02       2.103229664735e+04 
       3.072032355105e-02       2.095325811953e+04 
       3.086522763199e-02       2.087411727674e+04 
       3.101051090765e-02       2.079488093703e+04 
       3.115618291810e-02       2.071555575909e+04 
       3.130225348981e-02       2.063614823955e+04 
       3.144873274622e-02       2.055666471372e+04 
       3.159563111894e-02       2.047711135442e+04 
       3.174295935933e-02       2.039749417153e+04 
       3.189072855074e-02       2.031781901290e+04 
       3.203895012127e-02       2.023809156256e+04 
       3.218763585717e-02       2.015831733956e+04 
       3.233679791687e-02       2.007850169847e+04 
       3.248644884574e-02       1.999864982961e+04 
       3.263660159155e-02       1.991876675669e+04 
       3.278726952068e-02       1.983885733495e+04 
       3.293846643525e-02       1.975892625495e+04 
       3.309020659096e-02       1.967897803679e+04 
       3.324250471605e-02       1.959901703178e+04 
       3.339537603106e-02       1.951904742096e+04 
       3.354883626979e-02       1.943907321339e+04 
       3.370290170125e-02       1.935909824666e+04 
       3.385758915286e-02       1.927912618325e+04 
       3.401291603493e-02       1.919916051162e+04 
       3.416890036641e-02       1.911920454241e+04 
       3.432556080214e-02       1.903926141055e+04 
       3.448291666161e-02       1.895933406822e+04 
       3.464098795933e-02       1.887942528802e+04 
       3.479979543699e-02       1.879953765938e+04 
       3.495936059747e-02       1.871967358484e+04 
       3.511970574084e-02       1.863983528174e+04 
       3.528085400247e-02       1.856002477483e+04 
       3.544282939354e-02       1.848024389968e+04 
       3.560565684392e-02       1.840049429344e+04 
       3.576936224769e-02       1.832077739859e+04 
       3.593397251159e-02       1.824109445624e+04 
       3.609951560642e-02       1.816144650016e+04 
       3.626602062181e-02       1.808183436002e+04 
       3.643351782447e-02       1.800225865313e+04 
       3.660203872032e-02       1.792271978042e+04 
       3.677161612070e-02       1.784321792454e+04 
       3.694228421306e-02       1.776375304217e+04 
       3.711407863643e-02       1.768432486071e+04 
       3.728703656217e-02       1.760493287474e+04 
       3.746119678027e-02       1.752557633533e+04 
       3.763659979188e-02       1.744625424886e+04 
       3.781328790844e-02       1.736696536740e+04 
       3.799130535800e-02       1.728770818312e+04 
       3.817069839949e-02       1.720848091924e+04 
       3.835151544553e-02       1.712928152231e+04 
       3.853380719451e-02       1.705010765443e+04 
       3.871762677304e-02       1.697095668293e+04 
       3.890302988937e-02       1.689182566855e+04 
       3.909007499916e-02       1.681271135378e+04 
       3.927882348462e-02       1.673361015634e+04 
       3.946933984830e-02       1.665451814898e+04 
       3.966169192307e-02       1.657543104993e+04 
       3.985595109990e-02       1.649634420652e+04 
       4.005219257521e-02       1.641725257733e+04 
       4.025049561990e-02       1.633815071435e+04 
       4.045094387230e-02       1.625903274524e+04 
       4.065362565760e-02       1.617989235102e+04 
       4.085863433676e-02       1.610072274083e+04 
       4.106606868799e-02       1.602151662936e+04 
       4.127603332475e-02       1.594226620834e+04 
       4.148863915414e-02       1.586296311556e+04 
       4.170400388080e-02       1.578359840070e+04 
       4.192225256140e-02       1.570416249183e+04 
       4.214351821616e-02       1.562464515308e+04 
       4.236794250424e-02       1.554503543997e+04 
       4.259567647131e-02       1.546532165213e+04 
       4.282688137835e-02       1.538549127716e+04 
       4.306172962257e-02       1.530553093302e+04 
       4.330040576269e-02       1.522542630051e+04 
       4.354310766293e-02       1.514516204778e+04 
       4.379004777221e-02       1.506472174727e+04 
       4.404145455801e-02       1.498408778496e+04 
       4.429757411729e-02       1.490324125438e+04 
       4.455867199100e-02       1.482216183722e+04 
       4.482503521317e-02       1.474082767267e+04 
       4.509697463111e-02       1.465921520399e+04 
       4.537482754007e-02       1.457729900642e+04 
       4.565896068370e-02       1.449505159133e+04 
       4.594977368139e-02       1.441244317630e+04 
       4.624770295583e-02       1.432944142844e+04 
       4.655322624845e-02       1.424601115769e+04 
       4.686686782864e-02       1.416211396475e+04 
       4.718920452477e-02       1.407770782918e+04 
       4.752087273266e-02       1.399274662204e+04 
       4.786257659126e-02       1.390717952891e+04 
       4.821509755828e-02       1.382095036444e+04 
       4.857930567207e-02       1.373399674793e+04 
       4.895617285384e-02       1.364624910723e+04 
       4.934678868964e-02       1.355762946812e+04 
       4.975237924003e-02       1.346804996476e+04 
       5.017432956331e-02       1.337741100242e+04 
       5.061421081387e-02       1.328559895775e+04 
       5.107381300098e-02       1.319248328999e+04 
       5.155518477893e-02       1.309791285793e+04 
       5.206068200070e-02       1.300171119233e+04 
       5.259302722228e-02       1.290367035568e+04 
       5.315538290789e-02       1.280354288348e+04 
       5.375144176489e-02       1.270103109166e+04 
       5.438553841499e-02       1.259577271900e+04 
       5.506278741516e-02       1.248732146186e+04 
       5.578925329040e-02       1.237512030515e+04 
       5.657215830541e-02       1.225846463822e+04 
       5.742013229061e-02       1.213645097189e+04 
       5.834350417651e-02       1.200790537682e+04 
       5.935462363910e-02       1.187128408971e+04 
       6.046817754640e-02       1.172453750053e+04 
       6.170142048082e-02       1.156493037646e+04 
       6.307416002205e-02       1.138882083127e+04 
       6.460822044188e-02       1.119142871790e+04 
       6.632598051770e-02       1.096668701639e+04 
       6.824755683348e-02       1.070737800006e+04 
       7.038653222534e-02       1.040587438595e+04 
       7.274506977139e-02       1.005578695091e+04 
       7.531055351320e-02       9.654427986878e+03 
       7.805626142418e-02       9.205235065438e+03 
       8.094666066306e-02       8.718801099749e+03 
       8.394482771681e-02       8.211705227357e+03 
       8.701840415099e-02       7.703617815924e+03 
       9.014230042634e-02       7.213948302773e+03 
       9.329866482381e-02       6.759120841122e+03 
       9.647551224582e-02       6.350937507214e+03 
       9.966509592860e-02       5.995993977593e+03 
       1.028625281434e-01       5.695885125677e+03 
       1.060647712111e-01       5.447895157345e+03 
       1.092699546816e-01       5.245918997898e+03 
       1.124769332803e-01       5.081451465212e+03 
       1.156850080796e-01       4.944568484379e+03 
       1.188937533305e-01       4.824880778600e+03 
       1.221029099131e-01       4.712452342563e+03 
       1.253123201417e-01       4.598651150344e+03 
       1.285218880087e-01       4.476861680514e+03 
       1.317315549903e-01       4.342967500343e+03 
       1.349412853389e-01       4.195526753755e+03 
       1.381510571501e-01       4.035613164528e+03 
       1.413608569371e-01       3.866361456503e+03 
       1.445706763367e-01       3.692311324679e+03 
       1.477805101095e-01       3.518670443453e+03 
       1.509903549239e-01       3.350611032109e+03 
       1.542002086188e-01       3.192685756918e+03 
       1.574100697532e-01       3.048411166992e+03 
       1.606199373338e-01       2.920032327859e+03 
       1.638298106474e-01       2.808455565119e+03 
       1.670396891592e-01       2.713320143934e+03 
       1.702495724499e-01       2.633172918684e+03 
       1.734594601774e-01       2.565710632601e+03 
       1.766693520522e-01       2.508060116028e+03 
       1.798792478229e-01       2.457072475387e+03 
       1.830891472660e-01       2.409772614824e+03 
       1.862990501799e-01       2.363650169013e+03 
       1.895089563804e-01       2.315776074747e+03 
       1.927188656983e-01       2.264370688713e+03 
       1.959287779768e-01       2.208459981933e+03 
       1.991386930703e-01       2.147923339062e+03 
       2.023486108427e-01       2.083422554717e+03 
       2.055585311672e-01       2.016218752524e+03 
       2.087684539249e-01       1.947920195035e+03 
       2.119783790041e-01       1.880221991444e+03 
       2.151883063001e-01       1.814692352288e+03 
       2.183982357144e-01       1.752633550988e+03 
       2.216081671542e-01       1.695015165571e+03 
       2.248181005321e-01       1.642456241562e+03 
       2.280280357657e-01       1.595229985001e+03 
       2.312379727772e-01       1.553275236803e+03 
       2.344479114930e-01       1.516214882499e+03 
       2.376578518437e-01       1.483391547580e+03 
       2.408677937633e-01       1.453931345202e+03 
       2.440777371897e-01       1.426836737427e+03 
       2.472876820637e-01       1.401096945708e+03 
       2.504976283294e-01       1.375795093437e+03 
       2.537075759336e-01       1.350191126877e+03 
       2.569175248258e-01       1.323768047811e+03 
       2.601274749580e-01       1.296242044015e+03 
       2.633374262847e-01       1.267547129310e+03 
       2.665473787624e-01       1.237807405715e+03 
       2.697573323498e-01       1.207305456494e+03 
       2.729672870074e-01       1.176447471834e+03 
       2.761772426979e-01       1.145720977416e+03 
       2.793871993853e-01       1.115642106470e+03 
       2.825971570355e-01       1.086695517239e+03 
       2.858071156159e-01       1.059276821407e+03 
       2.890170750953e-01       1.033649996527e+03 
       2.922270354439e-01       1.009929162449e+03 
       2.954369966333e-01       9.880864157882e+02 
       2.986469586362e-01       9.679791673170e+02 
       3.018569214265e-01       9.493858072116e+02 
       3.050668849792e-01       9.320389932241e+02 
       3.082768492704e-01       9.156509059942e+02 
       3.114868142771e-01       8.999310130222e+02 
       3.146967799773e-01       8.846011068208e+02 
       3.179067463500e-01       8.694122170628e+02 
       3.211167133748e-01       8.541644005514e+02 
       3.243266810323e-01       8.387256193644e+02 
       3.275366493037e-01       8.230433046082e+02 
       3.307466181712e-01       8.071433805153e+02 
       3.339565876175e-01       7.911159576450e+02 
       3.371665576259e-01       7.750920185989e+02 
       3.403765281805e-01       7.592185060898e+02 
       3.435864992659e-01       7.436383812931e+02 
       3.467964708673e-01       7.284787915508e+02 
       3.500064429704e-01       7.138459106876e+02 
       3.532164155615e-01       6.998225557675e+02 
       3.564263886273e-01       6.864648720653e+02 
       3.596363621551e-01       6.737970896146e+02 
       3.628463361326e-01       6.618064958131e+02 
       3.660563105478e-01       6.504423047608e+02 
       3.692662853894e-01       6.396212653934e+02 
       3.724762606462e-01       6.292399928148e+02 
       3.756862363076e-01       6.191908584048e+02 
       3.788962123631e-01       6.093766519053e+02 
       3.821061888030e-01       5.997199529074e+02 
       3.853161656174e-01       5.901657714687e+02 
       3.885261427972e-01       5.806790725208e+02 
       3.917361203332e-01       5.712405846175e+02 
       3.949460982167e-01       5.618439792582e+02 
       3.981560764394e-01       5.524955120821e+02 
       4.013660549930e-01       5.432148823104e+02 
       4.045760338696e-01       5.340348122789e+02 
       4.077860130616e-01       5.249974387894e+02 
       4.109959925616e-01       5.161474518797e+02 
       4.142059723623e-01       5.075240108884e+02 
       4.174159524569e-01       4.991543698129e+02 
       4.206259328384e-01       4.910514378756e+02 
       4.238359135005e-01       4.832155851668e+02 
       4.270458944368e-01       4.756390137579e+02 
       4.302558756410e-01       4.683100529261e+02 
       4.334658571073e-01       4.612152823330e+02 
       4.366758388297e-01       4.543390329656e+02 
       4.398858208028e-01       4.476615364923e+02 
       4.430958030210e-01       4.411578309772e+02 
       4.463057854790e-01       4.347990158750e+02 
       4.495157681717e-01       4.285559736726e+02 
       4.527257510940e-01       4.224041447647e+02 
       4.559357342411e-01       4.163272356744e+02 
       4.591457176082e-01       4.103183023799e+02 
       4.623557011909e-01       4.043779494545e+02 
       4.655656849845e-01       3.985110049768e+02 
       4.687756689847e-01       3.927233980103e+02 
       4.719856531873e-01       3.870207804812e+02 
       4.751956375882e-01       3.814090490445e+02 
       4.784056221834e-01       3.758957513836e+02 
       4.816156069690e-01       3.704908344120e+02 
       4.848255919412e-01       3.652056741475e+02 
       4.880355770963e-01       3.600504545741e+02 
       4.912455624307e-01       3.550310289307e+02 
       4.944555479409e-01       3.501468508653e+02 
       4.976655336234e-01       3.453910113482e+02 
       5.008755194750e-01       3.407523507934e+02 
       5.040855054925e-01       3.362185663862e+02 
       5.072954916726e-01       3.317788222264e+02 
       5.105054780123e-01       3.274247993661e+02 
       5.137154645085e-01       3.231500982479e+02 
       5.169254511585e-01       3.189488339258e+02 
       5.201354379592e-01       3.148146305962e+02 
       5.233454249080e-01       3.107408315273e+02 
       5.265554120020e-01       3.067218828480e+02 
       5.297653992387e-01       3.027550483583e+02 
       5.329753866155e-01       2.988413457065e+02 
       5.361853741298e-01       2.949850307974e+02 
       5.393953617793e-01       2.911917541790e+02 
       5.426053495614e-01       2.874662907763e+02 
       5.458153374738e-01       2.838109471592e+02 
       5.490253255142e-01       2.802253476879e+02 
       5.522353136805e-01       2.767075157135e+02 
       5.554453019704e-01       2.732554693278e+02 
       5.586552903817e-01       2.698683359839e+02 
       5.618652789125e-01       2.665463568336e+02 
       5.650752675606e-01       2.632898644195e+02 
       5.682852563240e-01       2.600979329616e+02 
       5.714952452009e-01       2.569675822136e+02 
       5.747052341892e-01       2.538940590712e+02 
       5.779152232872e-01       2.508720759473e+02 
       5.811252124930e-01       2.478973204094e+02 
       5.843352018048e-01       2.449674132079e+02 
       5.875451912209e-01       2.420818340280e+02 
       5.907551807396e-01       2.392409424081e+02 
       5.939651703593e-01       2.364447302636e+02 
       5.971751600782e-01       2.336920627759e+02 
       6.003851498948e-01       2.309808277822e+02 
       6.035951398075e-01       2.283088584889e+02 
       6.068051298148e-01       2.256750300318e+02 
       6.100151199152e-01       2.230798337272e+02 
       6.132251101073e-01       2.205250660081e+02 
       6.164351003895e-01       2.180127848251e+02 
       6.196450907605e-01       2.155441202729e+02 
       6.228550812190e-01       2.131185939596e+02 
       6.260650717635e-01       2.107342903139e+02 
       6.292750623928e-01       2.083887359621e+02 
       6.658236330842e-01       1.841035747208e+02 
       7.097180930530e-01       1.598337634998e+02 
       7.649620206527e-01       1.352211960508e+02 
       8.393140428329e-01       1.097354693952e+02 
       9.489533840481e-01       8.297176711984e+01 
       1.125302016965e+00       5.597414866758e+01 
       1.397704033604e+00       3.364008916250e+01 
       1.758466474555e+00       1.943114965738e+01 
