# Matter power spectrum P(k) at redshift z=0
# for k=8.74422e-06 to 1.57751 h/Mpc,
# number of wavenumbers equal to 554
#    1:k (h/Mpc)              2:P (Mpc/h)^3        
       8.744222696063e-06       8.779315002525e+01 
       2.072333925338e-05       2.014003187884e+02 
       3.273664945502e-05       3.128390976777e+02 
       4.481209410194e-05       4.235008413663e+02 
       5.697799696447e-05       5.322796602669e+02 
       6.926328331997e-05       6.499218059152e+02 
       8.169770437004e-05       7.630570715961e+02 
       9.431207015302e-05       8.639879454459e+02 
       1.071384935874e-04       9.785085656821e+02 
       1.202106483082e-04       1.090092193318e+03 
       1.335640429760e-04       1.207912273156e+03 
       1.472363147364e-04       1.331525816453e+03 
       1.612675444584e-04       1.446238005958e+03 
       1.757005962601e-04       1.568750047070e+03 
       1.905814835958e-04       1.705922926272e+03 
       2.059597637851e-04       1.833617207395e+03 
       2.218889622352e-04       1.972771997084e+03 
       2.384270266681e-04       2.129776175725e+03 
       2.556368102979e-04       2.255573330168e+03 
       2.735865809780e-04       2.423342640412e+03 
       2.923505506954e-04       2.553495627089e+03 
       3.120094162453e-04       2.731047627535e+03 
       3.326508972610e-04       2.908822405253e+03 
       3.543702518262e-04       3.066302695856e+03 
       3.772707424664e-04       3.271768648879e+03 
       4.014640163581e-04       3.476334181817e+03 
       4.270703531933e-04       3.694994488193e+03 
       4.542187226990e-04       3.900288575858e+03 
       4.830465821687e-04       4.116075889364e+03 
       5.136993339669e-04       4.370225208982e+03 
       5.463293560314e-04       4.619887966798e+03 
       5.810945179519e-04       4.891560204096e+03 
       6.181561050089e-04       5.183585981917e+03 
       6.576760966094e-04       5.490394146057e+03 
       6.998137872577e-04       5.816421214831e+03 
       7.447217989648e-04       6.161317917168e+03 
       7.925416116032e-04       6.525222226937e+03 
       8.433988247871e-04       6.908926882167e+03 
       8.973984483168e-04       7.312335482521e+03 
       9.546205804573e-04       7.735947394814e+03 
       1.015116855769e-03       8.178666329749e+03 
       1.078908012753e-03       8.640995618328e+03 
       1.145982842350e-03       9.117825135939e+03 
       1.216298641258e-03       9.613669185655e+03 
       1.289783132160e-03       1.012586989546e+04 
       1.366337656673e-03       1.065199457853e+04 
       1.445841325382e-03       1.118700935508e+04 
       1.528155742289e-03       1.173435826569e+04 
       1.613129913864e-03       1.229042117529e+04 
       1.700604997247e-03       1.285316715706e+04 
       1.790418620870e-03       1.342133517146e+04 
       1.882408603519e-03       1.399324019229e+04 
       1.976415987493e-03       1.456684090920e+04 
       2.072287376081e-03       1.514262379664e+04 
       2.169876619857e-03       1.571327875000e+04 
       2.269045929856e-03       1.628411052981e+04 
       2.369666511620e-03       1.685161391724e+04 
       2.471618816707e-03       1.741501670071e+04 
       2.574792502140e-03       1.797302923251e+04 
       2.679086177173e-03       1.852594567356e+04 
       2.784407003755e-03       1.907178062091e+04 
       2.890670203866e-03       1.961035932647e+04 
       2.997798514909e-03       2.014068951436e+04 
       3.105721623898e-03       2.066340717919e+04 
       3.214375602616e-03       2.117866178311e+04 
       3.323702359046e-03       2.168347258225e+04 
       3.433649115116e-03       2.218038285443e+04 
       3.544167916774e-03       2.266799314029e+04 
       3.655215179530e-03       2.314522665256e+04 
       3.766751270495e-03       2.361381777111e+04 
       3.878740126523e-03       2.407292253590e+04 
       3.991148907119e-03       2.452265513994e+04 
       4.103947680179e-03       2.496239374944e+04 
       4.217109138315e-03       2.539169003096e+04 
       4.330608343338e-03       2.581197600289e+04 
       4.444422496505e-03       2.622253214047e+04 
       4.558530732140e-03       2.667742129336e+04 
       4.672913932392e-03       2.703601641343e+04 
       4.787554561035e-03       2.746404210185e+04 
       4.902436514355e-03       2.777798273541e+04 
       5.017544987366e-03       2.814394039002e+04 
       5.132866353723e-03       2.853424667691e+04 
       5.248388057900e-03       2.884848577402e+04 
       5.364098518302e-03       2.919849562334e+04 
       5.479987040161e-03       2.952904579859e+04 
       5.596043737148e-03       2.983598257985e+04 
       5.712259460785e-03       3.015019709630e+04 
       5.828625736804e-03       3.046553992386e+04 
       5.945134707737e-03       3.073521165337e+04 
       6.061779081054e-03       3.100750939852e+04 
       6.178552082279e-03       3.128261046742e+04 
       6.295447412556e-03       3.154382227882e+04 
       6.412459210208e-03       3.185045192205e+04 
       6.529582015863e-03       3.213542215381e+04 
       6.646810740802e-03       3.237033860679e+04 
       6.764140638185e-03       3.252946469002e+04 
       6.881567276871e-03       3.277458721527e+04 
       6.999086517578e-03       3.298789649362e+04 
       7.116694491137e-03       3.321639080300e+04 
       7.234387578655e-03       3.340477615368e+04 
       7.352162393386e-03       3.362852566177e+04 
       7.470015764151e-03       3.385007577244e+04 
       7.587944720161e-03       3.407052051381e+04 
       7.705946477110e-03       3.418686033524e+04 
       7.824018424419e-03       3.441464574603e+04 
       7.942158113525e-03       3.457743863407e+04 
       8.060363247119e-03       3.466566183130e+04 
       8.178631669249e-03       3.481510211959e+04 
       8.296961356207e-03       3.495878321135e+04 
       8.415350408138e-03       3.510612496548e+04 
       8.533797041298e-03       3.524965403778e+04 
       8.652299580912e-03       3.535745068718e+04 
       8.770856454574e-03       3.548470020604e+04 
       8.889466186159e-03       3.560754433910e+04 
       9.008127390172e-03       3.571459019433e+04 
       9.126838766539e-03       3.588175247577e+04 
       9.245599095768e-03       3.591051027982e+04 
       9.364407234472e-03       3.600417537193e+04 
       9.483262111211e-03       3.614666805279e+04 
       9.602162722640e-03       3.618437558199e+04 
       9.721108129930e-03       3.626914890143e+04 
       9.840097455442e-03       3.637568583039e+04 
       9.959129879641e-03       3.642970765639e+04 
       1.007820463822e-02       3.648003264691e+04 
       1.019732101942e-02       3.653853269796e+04 
       1.031647836158e-02       3.659139690236e+04 
       1.043567605077e-02       3.664531983637e+04 
       1.055491351867e-02       3.671104437474e+04 
       1.067419024057e-02       3.672373712697e+04 
       1.079350573347e-02       3.678030341715e+04 
       1.091285955436e-02       3.683381892255e+04 
       1.103225129862e-02       3.687176081889e+04 
       1.115168059845e-02       3.689016881672e+04 
       1.127114712151e-02       3.692335239951e+04 
       1.139065056960e-02       3.691767469338e+04 
       1.151019067742e-02       3.690343415359e+04 
       1.162976721147e-02       3.690933558606e+04 
       1.174937996894e-02       3.691719038129e+04 
       1.186902877676e-02       3.693109397614e+04 
       1.198871349069e-02       3.692990044097e+04 
       1.210843399446e-02       3.693443660825e+04 
       1.222819019894e-02       3.689942060925e+04 
       1.234798204149e-02       3.690173765059e+04 
       1.246780948522e-02       3.688116535647e+04 
       1.258767251837e-02       3.688803305825e+04 
       1.270757115376e-02       3.683504466164e+04 
       1.282750542822e-02       3.682216128796e+04 
       1.294747540214e-02       3.678985514983e+04 
       1.306748115898e-02       3.677250928237e+04 
       1.318752280487e-02       3.672049659936e+04 
       1.330760046826e-02       3.668626037880e+04 
       1.342771429956e-02       3.663635651084e+04 
       1.354786447082e-02       3.661232559851e+04 
       1.366805117547e-02       3.657171116296e+04 
       1.378827462810e-02       3.651903520086e+04 
       1.390853506418e-02       3.644786989510e+04 
       1.402883273994e-02       3.639714449921e+04 
       1.414916793216e-02       3.634149450812e+04 
       1.426954093805e-02       3.629690484478e+04 
       1.438995207516e-02       3.624755999350e+04 
       1.451040168124e-02       3.617158611615e+04 
       1.463089011422e-02       3.610260528889e+04 
       1.475141775213e-02       3.604683585740e+04 
       1.487198499312e-02       3.594981431617e+04 
       1.499259225542e-02       3.587535294911e+04 
       1.511323997735e-02       3.580603444100e+04 
       1.523392861742e-02       3.574471921553e+04 
       1.535465865432e-02       3.564928610344e+04 
       1.547543058700e-02       3.556014865341e+04 
       1.559624493481e-02       3.549426834432e+04 
       1.571710223757e-02       3.542183041891e+04 
       1.583800305571e-02       3.533319330708e+04 
       1.595894797042e-02       3.523868425104e+04 
       1.607993758379e-02       3.512312884877e+04 
       1.620097251904e-02       3.503214371780e+04 
       1.632205342063e-02       3.494245064060e+04 
       1.644318095459e-02       3.485621734831e+04 
       1.656435580863e-02       3.475635324591e+04 
       1.668557869247e-02       3.464501984689e+04 
       1.680685033805e-02       3.454901437448e+04 
       1.692817149984e-02       3.444664618933e+04 
       1.704954295512e-02       3.435166848499e+04 
       1.717096550428e-02       3.425118579500e+04 
       1.729243997118e-02       3.411932758140e+04 
       1.741396720343e-02       3.402441760780e+04 
       1.753554807283e-02       3.391248833172e+04 
       1.765718347567e-02       3.379132985441e+04 
       1.777887433319e-02       3.369379812906e+04 
       1.790062159192e-02       3.358217452026e+04 
       1.802242622417e-02       3.345107807752e+04 
       1.814428922841e-02       3.333332241366e+04 
       1.826621162981e-02       3.321476720007e+04 
       1.838819448064e-02       3.310438206793e+04 
       1.851023886080e-02       3.298011999057e+04 
       1.863234587837e-02       3.286509340846e+04 
       1.875451667007e-02       3.272990490145e+04 
       1.887675240188e-02       3.260758652082e+04 
       1.899905426958e-02       3.249030380953e+04 
       1.912142349933e-02       3.235934516108e+04 
       1.924386134832e-02       3.223504543214e+04 
       1.936636910537e-02       3.210477931321e+04 
       1.948894809162e-02       3.197855747606e+04 
       1.961159966116e-02       3.185043837725e+04 
       1.973432520177e-02       3.172677788131e+04 
       1.985712613561e-02       3.160196161505e+04 
       1.998000391999e-02       3.145849354645e+04 
       2.010296004812e-02       3.133971830364e+04 
       2.022599604992e-02       3.120058217230e+04 
       2.034911349282e-02       3.106421174275e+04 
       2.047231398263e-02       3.092838170616e+04 
       2.059559916438e-02       3.079515225571e+04 
       2.071897072326e-02       3.066110530247e+04 
       2.084243038550e-02       3.052710827482e+04 
       2.096597991937e-02       3.038838984751e+04 
       2.108962113614e-02       3.026141097692e+04 
       2.121335589112e-02       3.011736731775e+04 
       2.133718608468e-02       2.997562103695e+04 
       2.146111366339e-02       2.984080078282e+04 
       2.158514062107e-02       2.970103003288e+04 
       2.170926899999e-02       2.956489396816e+04 
       2.183350089205e-02       2.942190173850e+04 
       2.195783844001e-02       2.928303311750e+04 
       2.208228383875e-02       2.914356564883e+04 
       2.220683933659e-02       2.900073967334e+04 
       2.233150723661e-02       2.886590033425e+04 
       2.245628989809e-02       2.871991468835e+04 
       2.258118973794e-02       2.858615339363e+04 
       2.270620923213e-02       2.844233270209e+04 
       2.283135091729e-02       2.830443925368e+04 
       2.295661739227e-02       2.815647189312e+04 
       2.308201131977e-02       2.801275247731e+04 
       2.320753542802e-02       2.787258906061e+04 
       2.333319251255e-02       2.773465151976e+04 
       2.345898543799e-02       2.758982356245e+04 
       2.358491713990e-02       2.744895089401e+04 
       2.371099062673e-02       2.729949730175e+04 
       2.383720898182e-02       2.716214526557e+04 
       2.396357536540e-02       2.701626437418e+04 
       2.409009301678e-02       2.687264337470e+04 
       2.421676525653e-02       2.672904562549e+04 
       2.434359548875e-02       2.658813346687e+04 
       2.447058720342e-02       2.644483200048e+04 
       2.459774397886e-02       2.630903441410e+04 
       2.472506948426e-02       2.615993290342e+04 
       2.485256748223e-02       2.602014744639e+04 
       2.498024183160e-02       2.587559003180e+04 
       2.510809649015e-02       2.573242290474e+04 
       2.523613551754e-02       2.559321771208e+04 
       2.536436307833e-02       2.545078626684e+04 
       2.549278344507e-02       2.530492753824e+04 
       2.562140100157e-02       2.516269023973e+04 
       2.575022024620e-02       2.502658340557e+04 
       2.587924579545e-02       2.488269516621e+04 
       2.600848238744e-02       2.474129094539e+04 
       2.613793488576e-02       2.459751549988e+04 
       2.626760828328e-02       2.445565245384e+04 
       2.639750770623e-02       2.431621546647e+04 
       2.652763841841e-02       2.417963822284e+04 
       2.665800582548e-02       2.403965894775e+04 
       2.678861547955e-02       2.389537444652e+04 
       2.691947308386e-02       2.375648378973e+04 
       2.705058449769e-02       2.361637868790e+04 
       2.718195574141e-02       2.347967781174e+04 
       2.731359300184e-02       2.333761597125e+04 
       2.744550263771e-02       2.320071412307e+04 
       2.757769118543e-02       2.306004498037e+04 
       2.771016536505e-02       2.292407798690e+04 
       2.784293208651e-02       2.278781380939e+04 
       2.797599845611e-02       2.265034288066e+04 
       2.810937178330e-02       2.251178574070e+04 
       2.824305958769e-02       2.237654561738e+04 
       2.837706960650e-02       2.224097427221e+04 
       2.851140980216e-02       2.210219653306e+04 
       2.864608837038e-02       2.197038020276e+04 
       2.878111374852e-02       2.183189792278e+04 
       2.891649462435e-02       2.170144603829e+04 
       2.905223994518e-02       2.156524270074e+04 
       2.918835892747e-02       2.142957833766e+04 
       2.932486106681e-02       2.129551646222e+04 
       2.946175614840e-02       2.116304492121e+04 
       2.959905425804e-02       2.103329636770e+04 
       2.973676579360e-02       2.090077286559e+04 
       2.987490147705e-02       2.076931526463e+04 
       3.001347236709e-02       2.063590619718e+04 
       3.015248987241e-02       2.050517200481e+04 
       3.029196576551e-02       2.037467088227e+04 
       3.043191219734e-02       2.024419104829e+04 
       3.057234171258e-02       2.011516772936e+04 
       3.071326726573e-02       1.998676593704e+04 
       3.085470223802e-02       1.985747187782e+04 
       3.099666045517e-02       1.972915864973e+04 
       3.113915620615e-02       1.960357392213e+04 
       3.128220426284e-02       1.947640837130e+04 
       3.142581990082e-02       1.935126536011e+04 
       3.157001892120e-02       1.922577366083e+04 
       3.171481767373e-02       1.909868475473e+04 
       3.186023308114e-02       1.897519396654e+04 
       3.200628266480e-02       1.884730171214e+04 
       3.215298457189e-02       1.872367509354e+04 
       3.230035760410e-02       1.860139553614e+04 
       3.244842124796e-02       1.847860399934e+04 
       3.259719570695e-02       1.835520184882e+04 
       3.274670193554e-02       1.823384121129e+04 
       3.289696167518e-02       1.811054883858e+04 
       3.304799749257e-02       1.798917086033e+04 
       3.319983282015e-02       1.786888168201e+04 
       3.335249199920e-02       1.774908647342e+04 
       3.350600032554e-02       1.762947725791e+04 
       3.366038409821e-02       1.751225563788e+04 
       3.381567067123e-02       1.739196924863e+04 
       3.397188850871e-02       1.727619270521e+04 
       3.412906724358e-02       1.715739950507e+04 
       3.428723774031e-02       1.704070679971e+04 
       3.444643216174e-02       1.692393716791e+04 
       3.460668404057e-02       1.680677860198e+04 
       3.476802835577e-02       1.669230257549e+04 
       3.493050161436e-02       1.657669118960e+04 
       3.509414193901e-02       1.646176838124e+04 
       3.525898916192e-02       1.635041261318e+04 
       3.542508492570e-02       1.623486058174e+04 
       3.559247279156e-02       1.612205232623e+04 
       3.576119835577e-02       1.600887459891e+04 
       3.593130937497e-02       1.589690692446e+04 
       3.610285590122e-02       1.578651067034e+04 
       3.627589042762e-02       1.567533119322e+04 
       3.645046804567e-02       1.556405212182e+04 
       3.662664661521e-02       1.545533277976e+04 
       3.680448694859e-02       1.534363674858e+04 
       3.698405301006e-02       1.523428740477e+04 
       3.716541213223e-02       1.512632546084e+04 
       3.734863525115e-02       1.501711741884e+04 
       3.753379716215e-02       1.490944567675e+04 
       3.772097679843e-02       1.480185840093e+04 
       3.791025753502e-02       1.469638560311e+04 
       3.810172752084e-02       1.458849905015e+04 
       3.829548004199e-02       1.448220003184e+04 
       3.849161391981e-02       1.437640018559e+04 
       3.869023394774e-02       1.427132021608e+04 
       3.889145137166e-02       1.416718261349e+04 
       3.909538441868e-02       1.406328413415e+04 
       3.930215888061e-02       1.395801048034e+04 
       3.951190875862e-02       1.385449340998e+04 
       3.972477697711e-02       1.375034927803e+04 
       3.994091617562e-02       1.364818062695e+04 
       4.016048958911e-02       1.354601050637e+04 
       4.038367202853e-02       1.344358351912e+04 
       4.061065097550e-02       1.334035793088e+04 
       4.084162780711e-02       1.323910002907e+04 
       4.107681916950e-02       1.313727134983e+04 
       4.131645852209e-02       1.303630314412e+04 
       4.156079787798e-02       1.293524046026e+04 
       4.181010977064e-02       1.283495376448e+04 
       4.206468948235e-02       1.273427104924e+04 
       4.232485757636e-02       1.263439745391e+04 
       4.259096278284e-02       1.253510357528e+04 
       4.286338529780e-02       1.243592043628e+04 
       4.314254056659e-02       1.233637361082e+04 
       4.342888363720e-02       1.223587833414e+04 
       4.372291418677e-02       1.213745610929e+04 
       4.402518234632e-02       1.203785149378e+04 
       4.433629547568e-02       1.193831033226e+04 
       4.465692607435e-02       1.184035611012e+04 
       4.498782105628e-02       1.174046323190e+04 
       4.532981266923e-02       1.164156566138e+04 
       4.568383140608e-02       1.154223252498e+04 
       4.605092134000e-02       1.144301353895e+04 
       4.643225842228e-02       1.134360378542e+04 
       4.682917241790e-02       1.124407798097e+04 
       4.724317332742e-02       1.114384850944e+04 
       4.767598336544e-02       1.104347117675e+04 
       4.812957584690e-02       1.094279433915e+04 
       4.860622268958e-02       1.084113336248e+04 
       4.910855268766e-02       1.073905007958e+04 
       4.963962326214e-02       1.063630264189e+04 
       5.020300905081e-02       1.053097138048e+04 
       5.080291144039e-02       1.042534069283e+04 
       5.144429388090e-02       1.031726843245e+04 
       5.213304834208e-02       1.020639851127e+04 
       5.287619809653e-02       1.009290869610e+04 
       5.368214015532e-02       9.974878668177e+03 
       5.456092520304e-02       9.851796144982e+03 
       5.552456018392e-02       9.720833050827e+03 
       5.658729259182e-02       9.580730748431e+03 
       5.776578666280e-02       9.427107998042e+03 
       5.907901962658e-02       9.255123544770e+03 
       6.054761028458e-02       9.059549461984e+03 
       6.219218230547e-02       8.831056330474e+03 
       6.403039618198e-02       8.560268831719e+03 
       6.607271329725e-02       8.238007291119e+03 
       6.831796852234e-02       7.856451552149e+03 
       7.075097209949e-02       7.414584043874e+03 
       7.334424852492e-02       6.920208825216e+03 
       7.606375528080e-02       6.390280414971e+03 
       7.887573880714e-02       5.848430676494e+03 
       8.175160027741e-02       5.319502242885e+03 
       8.466969029238e-02       4.824370737142e+03 
       8.761485546608e-02       4.380859864866e+03 
       9.057703177130e-02       3.999602932203e+03 
       9.354975907195e-02       3.683872754970e+03 
       9.652897904804e-02       3.431163860873e+03 
       9.951217617993e-02       3.233882268348e+03 
       1.024978039913e-01       3.081573654720e+03 
       1.054849164290e-01       2.963068974816e+03 
       1.084729364027e-01       2.867352571546e+03 
       1.114615124237e-01       2.784017906899e+03 
       1.144504305374e-01       2.703572523089e+03 
       1.174395604890e-01       2.617876681821e+03 
       1.204288229141e-01       2.520756760499e+03 
       1.234181693778e-01       2.409219032025e+03 
       1.264075702427e-01       2.283952649963e+03 
       1.293970073004e-01       2.148272925739e+03 
       1.323864692962e-01       2.006370669932e+03 
       1.353759492120e-01       1.862664725716e+03 
       1.383654426152e-01       1.722049429351e+03 
       1.413549466562e-01       1.589483407501e+03 
       1.443444594583e-01       1.468790801025e+03 
       1.473339797468e-01       1.362005292950e+03 
       1.503235066225e-01       1.269701248616e+03 
       1.533130394235e-01       1.191551798868e+03 
       1.563025776406e-01       1.126539847361e+03 
       1.592921208650e-01       1.073006054338e+03 
       1.622816687560e-01       1.028758168101e+03 
       1.652712210207e-01       9.912620918864e+02 
       1.682607774011e-01       9.579241745720e+02 
       1.712503376661e-01       9.264191653151e+02 
       1.742399016055e-01       8.948690183445e+02 
       1.772294690267e-01       8.618546182526e+02 
       1.802190397520e-01       8.264761496025e+02 
       1.832086136164e-01       7.884901154314e+02 
       1.861981904663e-01       7.482666354699e+02 
       1.891877701584e-01       7.065179287811e+02 
       1.921773525586e-01       6.640885330921e+02 
       1.951669375413e-01       6.219365577558e+02 
       1.981565249885e-01       5.811007213509e+02 
       2.011461147895e-01       5.425308344652e+02 
       2.041357068401e-01       5.069175695786e+02 
       2.071253010420e-01       4.746455278437e+02 
       2.101148973028e-01       4.458220292950e+02 
       2.131044955353e-01       4.203267405768e+02 
       2.160940956569e-01       3.978843599879e+02 
       2.190836975900e-01       3.781223537887e+02 
       2.220733012607e-01       3.605812404368e+02 
       2.250629065995e-01       3.447304000138e+02 
       2.280525135403e-01       3.300406454660e+02 
       2.310421220204e-01       3.160646778315e+02 
       2.340317319806e-01       3.024551807591e+02 
       2.370213433644e-01       2.889487157395e+02 
       2.400109561184e-01       2.753722734123e+02 
       2.430005701917e-01       2.616601788491e+02 
       2.459901855358e-01       2.478450782596e+02 
       2.489798021048e-01       2.340350095975e+02 
       2.519694198547e-01       2.203940763060e+02 
       2.549590387438e-01       2.071110496349e+02 
       2.579486587323e-01       1.943564572798e+02 
       2.609382797821e-01       1.822607995533e+02 
       2.639279018570e-01       1.709205162215e+02 
       2.669175249223e-01       1.604007974160e+02 
       2.699071489450e-01       1.507251044687e+02 
       2.728967738934e-01       1.418726742008e+02 
       2.758863997372e-01       1.337899984890e+02 
       2.788760264475e-01       1.264001968487e+02 
       2.818656539967e-01       1.196082093806e+02 
       2.848552823581e-01       1.133124224912e+02 
       2.878449115062e-01       1.074185850574e+02 
       2.908345414168e-01       1.018445174698e+02 
       2.938241720664e-01       9.652008259450e+01 
       2.968138034326e-01       9.139136376343e+01 
       2.998034354939e-01       8.642439108335e+01 
       3.027930682295e-01       8.160126242256e+01 
       3.057827016195e-01       7.691551962261e+01 
       3.087723356449e-01       7.237282664783e+01 
       3.117619702874e-01       6.799021126135e+01 
       3.147516055292e-01       6.378847128600e+01 
       3.177412413533e-01       5.978519808059e+01 
       3.207308777434e-01       5.599447669127e+01 
       3.237205146837e-01       5.242767406485e+01 
       3.267101521591e-01       4.909090599375e+01 
       3.296997901550e-01       4.598287063450e+01 
       3.326894286572e-01       4.309584272338e+01 
       3.356790676521e-01       4.041727661250e+01 
       3.386687071267e-01       3.793084657864e+01 
       3.416583470683e-01       3.561884420197e+01 
       3.446479874647e-01       3.346413465390e+01 
       3.476376283041e-01       3.145003750285e+01 
       3.506272695751e-01       2.955956362520e+01 
       3.536169112668e-01       2.777708539921e+01 
       3.566065533685e-01       2.609072990547e+01 
       3.595961958699e-01       2.449210739146e+01 
       3.625858387611e-01       2.297474338949e+01 
       3.655754820326e-01       2.153385961202e+01 
       3.685651256750e-01       2.016670170005e+01 
       3.715547696793e-01       1.887178679807e+01 
       3.745444140369e-01       1.764804802230e+01 
       3.775340587393e-01       1.649461428264e+01 
       3.805237037783e-01       1.541091417650e+01 
       3.835133491461e-01       1.439596950878e+01 
       3.865029948350e-01       1.344803742586e+01 
       3.894926408375e-01       1.256476986636e+01 
       3.924822871465e-01       1.174347078867e+01 
       3.954719337550e-01       1.098079122012e+01 
       3.984615806563e-01       1.027282735346e+01 
       4.014512278437e-01       9.615641519141e+00 
       4.044408753109e-01       9.005424889646e+00 
       4.074305230517e-01       8.438310686548e+00 
       4.104201710601e-01       7.910491777620e+00 
       4.134098193303e-01       7.418666942981e+00 
       4.163994678567e-01       6.959967839452e+00 
       4.193891166336e-01       6.531783030188e+00 
       4.223787656559e-01       6.131778914884e+00 
       4.253684149183e-01       5.758045459381e+00 
       4.283580644157e-01       5.408984710251e+00 
       4.313477141432e-01       5.083169741820e+00 
       4.343373640962e-01       4.779358471389e+00 
       4.373270142699e-01       4.496522370682e+00 
       4.403166646598e-01       4.233717329862e+00 
       4.433063152616e-01       3.989898984330e+00 
       4.462959660709e-01       3.764065593300e+00 
       4.492856170837e-01       3.555288472441e+00 
       4.522752682958e-01       3.362640443941e+00 
       4.552649197034e-01       3.185149181943e+00 
       4.582545713025e-01       3.021843113024e+00 
       4.612442230895e-01       2.871788306157e+00 
       4.642338750607e-01       2.734046355301e+00 
       4.672235272126e-01       2.607685605482e+00 
       4.702131795416e-01       2.491855502481e+00 
       4.732028320446e-01       2.385794054562e+00 
       4.761924847180e-01       2.288752850638e+00 
       4.791821375588e-01       2.200038170071e+00 
       4.821717905639e-01       2.119049791266e+00 
       4.851614437301e-01       2.045273501283e+00 
       4.881510970545e-01       1.978228706109e+00 
       4.911407505343e-01       1.917477998973e+00 
       4.941304041665e-01       1.862653718295e+00 
       4.971200579485e-01       1.813454223099e+00 
       5.001097118775e-01       1.769576984173e+00 
       5.030993659509e-01       1.730760500467e+00 
       5.060890201662e-01       1.696785629991e+00 
       5.090786745207e-01       1.667456941363e+00 
       5.120683290122e-01       1.642568029012e+00 
       5.150579836382e-01       1.621929816180e+00 
       5.180476383963e-01       1.605382868188e+00 
       5.210372932843e-01       1.592768622731e+00 
       5.240269482999e-01       1.583918254044e+00 
       5.270166034410e-01       1.578685059529e+00 
       5.523681149807e-01       1.662334742719e+00 
       5.810291640987e-01       1.990572732081e+00 
       6.141821101019e-01       2.640929778808e+00 
       6.537531942594e-01       3.709439612953e+00 
       7.031187915721e-01       5.238212341275e+00 
       7.687280005879e-01       6.890581255484e+00 
       8.639221530261e-01       7.114558323700e+00 
       1.015532394048e+00       3.422457383762e+00 
       1.254542059983e+00       3.891283158146e-01 
       1.577506783830e+00       6.337622151558e-01 
