# Matter power spectrum P(k) at redshift z=0
# for k=9.94861e-06 to 1.83726 h/Mpc,
# number of wavenumbers equal to 563
#    1:k (h/Mpc)              2:P (Mpc/h)^3        
       9.948607971669e-06       5.716129987483e+01 
       2.264706456035e-05       1.261043951064e+02 
       3.538800699620e-05       1.937182899780e+02 
       4.820474662603e-05       2.607735354484e+02 
       6.113112254093e-05       3.276953695530e+02 
       7.420179485131e-05       3.947566989590e+02 
       8.745254698521e-05       4.624336835742e+02 
       1.009206009299e-04       5.306702097969e+02 
       1.146449493668e-04       5.998159324017e+02 
       1.286667086835e-04       6.700965499445e+02 
       1.430294968554e-04       7.417508266633e+02 
       1.577798401523e-04       8.148946140697e+02 
       1.729676124813e-04       8.907342510871e+02 
       1.886465108841e-04       9.679699575261e+02 
       2.048745701685e-04       1.047576160682e+03 
       2.217147187716e-04       1.129371205596e+03 
       2.392353765827e-04       1.214579608146e+03 
       2.575110934105e-04       1.303596523688e+03 
       2.766232238420e-04       1.395815380130e+03 
       2.966606301316e-04       1.493933664389e+03 
       3.177203991456e-04       1.595495493959e+03 
       3.399085519383e-04       1.701317053929e+03 
       3.633407148901e-04       1.812864816679e+03 
       3.881427092403e-04       1.931306961040e+03 
       4.144510012266e-04       2.055562878837e+03 
       4.424129381906e-04       2.186926961110e+03 
       4.721866778459e-04       2.327150382086e+03 
       5.039407002665e-04       2.475335054297e+03 
       5.378527781189e-04       2.633659737228e+03 
       5.741082747955e-04       2.801398207279e+03 
       6.128976484305e-04       2.979643683368e+03 
       6.544130692002e-04       3.169556691962e+03 
       6.988441142882e-04       3.371288250279e+03 
       7.463725930725e-04       3.585427571867e+03 
       7.971666722382e-04       3.812939476201e+03 
       8.513746054138e-04       4.054564085337e+03 
       9.091185029191e-04       4.309222945377e+03 
       9.704886741181e-04       4.577697946627e+03 
       1.035539105530e-03       4.860251135157e+03 
       1.104284578655e-03       5.155550038260e+03 
       1.176699778202e-03       5.463548922258e+03 
       1.252720515397e-03       5.783388309393e+03 
       1.332246936107e-03       6.114412688251e+03 
       1.415148353402e-03       6.455354653494e+03 
       1.501269185269e-03       6.805239705978e+03 
       1.590435415603e-03       7.162737226253e+03 
       1.682461028564e-03       7.527189656998e+03 
       1.777153969466e-03       7.897065998548e+03 
       1.874321325555e-03       8.271307357293e+03 
       1.973773564237e-03       8.648631282555e+03 
       2.075327790666e-03       9.028178922941e+03 
       2.178810078565e-03       9.408966129053e+03 
       2.284056985580e-03       9.790190931708e+03 
       2.390916391816e-03       1.017103756673e+04 
       2.499247805001e-03       1.055085335309e+04 
       2.608922265863e-03       1.092892405876e+04 
       2.719821969605e-03       1.130473165063e+04 
       2.831839698658e-03       1.167775905673e+04 
       2.944878141486e-03       1.204759555878e+04 
       3.058849153906e-03       1.241382213557e+04 
       3.173673003888e-03       1.277623675610e+04 
       3.289277628353e-03       1.313443336785e+04 
       3.405597920805e-03       1.348819328990e+04 
       3.522575061376e-03       1.383729908249e+04 
       3.640155895548e-03       1.418159537560e+04 
       3.758292364067e-03       1.452089583733e+04 
       3.876940984010e-03       1.485515705223e+04 
       3.996062379277e-03       1.518417770949e+04 
       4.115620857763e-03       1.550795100240e+04 
       4.235584031873e-03       1.582638962230e+04 
       4.355922478811e-03       1.613942643792e+04 
       4.476609437019e-03       1.644705979720e+04 
       4.597620535259e-03       1.674925066621e+04 
       4.718933551004e-03       1.704598711828e+04 
       4.840528195046e-03       1.733725285434e+04 
       4.962385919493e-03       1.762305584566e+04 
       5.084489746565e-03       1.790341131546e+04 
       5.206824115893e-03       1.817840128995e+04 
       5.329374748216e-03       1.844340400714e+04 
       5.452128523651e-03       1.871000520454e+04 
       5.575073372866e-03       1.896719373938e+04 
       5.698198179710e-03       1.922494791976e+04 
       5.821492694002e-03       1.947184218482e+04 
       5.944947453333e-03       1.971358820984e+04 
       6.068553712877e-03       1.995390756198e+04 
       6.192303382317e-03       2.018482355710e+04 
       6.316188969094e-03       2.040986429599e+04 
       6.440203527289e-03       2.063334139043e+04 
       6.564340611530e-03       2.084927966253e+04 
       6.688594235363e-03       2.106655237040e+04 
       6.812958833631e-03       2.127254373376e+04 
       6.937429228412e-03       2.147373495491e+04 
       7.062000598164e-03       2.167566310543e+04 
       7.186668449731e-03       2.186727060564e+04 
       7.311428592909e-03       2.205440390336e+04 
       7.436277117330e-03       2.223697577213e+04 
       7.561210371408e-03       2.242476927945e+04 
       7.686224943160e-03       2.260157544439e+04 
       7.811317642702e-03       2.277184949900e+04 
       7.936485486262e-03       2.293686880581e+04 
       8.061725681569e-03       2.309905979469e+04 
       8.187035614473e-03       2.325560522111e+04 
       8.312412836690e-03       2.341442089417e+04 
       8.437855054565e-03       2.356310077829e+04 
       8.563360118754e-03       2.370570852874e+04 
       8.688926014748e-03       2.385079194508e+04 
       8.814550854150e-03       2.398988253517e+04 
       8.940232866657e-03       2.412482724614e+04 
       9.065970392666e-03       2.425310117183e+04 
       9.191761876458e-03       2.438102257929e+04 
       9.317605859912e-03       2.450187608123e+04 
       9.443500976695e-03       2.462046351848e+04 
       9.569445946896e-03       2.473761250867e+04 
       9.695439572065e-03       2.484743720694e+04 
       9.821480730618e-03       2.495694618734e+04 
       9.947568373585e-03       2.505462450334e+04 
       1.007370152067e-02       2.516244618829e+04 
       1.019987925659e-02       2.526103745894e+04 
       1.032610072770e-02       2.535359528878e+04 
       1.045236513883e-02       2.544601652571e+04 
       1.057867175038e-02       2.552712931505e+04 
       1.070501987560e-02       2.561647420689e+04 
       1.083140887806e-02       2.570032237038e+04 
       1.095783816933e-02       2.577756680625e+04 
       1.108430720676e-02       2.584947615143e+04 
       1.121081549151e-02       2.592145872802e+04 
       1.133736256660e-02       2.599387891430e+04 
       1.146394801520e-02       2.605892347008e+04 
       1.159057145899e-02       2.612329486924e+04 
       1.171723255662e-02       2.618429938052e+04 
       1.184393100231e-02       2.623983226772e+04 
       1.197066652455e-02       2.629683366707e+04 
       1.209743888485e-02       2.634633089028e+04 
       1.222424787663e-02       2.639368269190e+04 
       1.235109332411e-02       2.644024371813e+04 
       1.247797508141e-02       2.648879640713e+04 
       1.260489303158e-02       2.652579519803e+04 
       1.273184708575e-02       2.656870851268e+04 
       1.285883718238e-02       2.660471457645e+04 
       1.298586328654e-02       2.663790515482e+04 
       1.311292538917e-02       2.666606939044e+04 
       1.324002350657e-02       2.669513839381e+04 
       1.336715767972e-02       2.672620312576e+04 
       1.349432797385e-02       2.675033897466e+04 
       1.362153447788e-02       2.677076928030e+04 
       1.374877730405e-02       2.678773476944e+04 
       1.387605658746e-02       2.680893337164e+04 
       1.400337248574e-02       2.682332146661e+04 
       1.413072517874e-02       2.683560713693e+04 
       1.425811486818e-02       2.684717237347e+04 
       1.438554177743e-02       2.685569621382e+04 
       1.451300615127e-02       2.686406682082e+04 
       1.464050825567e-02       2.686756257904e+04 
       1.476804837765e-02       2.687023563630e+04 
       1.489562682509e-02       2.686753676133e+04 
       1.502324392663e-02       2.686852154997e+04 
       1.515090003156e-02       2.686640786640e+04 
       1.527859550976e-02       2.686103303924e+04 
       1.540633075165e-02       2.685273740019e+04 
       1.553410616813e-02       2.684571503910e+04 
       1.566192219060e-02       2.683475706549e+04 
       1.578977927098e-02       2.682262310904e+04 
       1.591767788171e-02       2.680886797117e+04 
       1.604561851584e-02       2.679329552604e+04 
       1.617360168705e-02       2.677374516282e+04 
       1.630162792981e-02       2.675630257232e+04 
       1.642969779944e-02       2.673251964010e+04 
       1.655781187224e-02       2.671104139784e+04 
       1.668597074566e-02       2.668749649326e+04 
       1.681417503845e-02       2.666412703096e+04 
       1.694242539081e-02       2.663643905577e+04 
       1.707072246465e-02       2.660631534641e+04 
       1.719906694375e-02       2.657641956690e+04 
       1.732745953401e-02       2.654420157033e+04 
       1.745590096369e-02       2.651209719947e+04 
       1.758439198369e-02       2.647892970416e+04 
       1.771293336782e-02       2.644126427387e+04 
       1.784152591310e-02       2.640510140901e+04 
       1.797017044004e-02       2.636800239873e+04 
       1.809886779305e-02       2.632836331587e+04 
       1.822761884069e-02       2.628552851669e+04 
       1.835642447611e-02       2.624477783952e+04 
       1.848528561738e-02       2.620147733047e+04 
       1.861420320792e-02       2.615573013656e+04 
       1.874317821690e-02       2.611067791163e+04 
       1.887221163967e-02       2.606328495714e+04 
       1.900130449821e-02       2.601488040284e+04 
       1.913045784159e-02       2.596486758952e+04 
       1.925967274648e-02       2.591561445070e+04 
       1.938895031762e-02       2.586249691524e+04 
       1.951829168838e-02       2.580966677245e+04 
       1.964769802124e-02       2.575839255085e+04 
       1.977717050843e-02       2.570179349474e+04 
       1.990671037244e-02       2.564798314333e+04 
       2.003631886665e-02       2.558903438923e+04 
       2.016599727594e-02       2.553375223355e+04 
       2.029574691735e-02       2.547491705411e+04 
       2.042556914072e-02       2.541409880399e+04 
       2.055546532939e-02       2.535491516455e+04 
       2.068543690088e-02       2.529356569924e+04 
       2.081548530765e-02       2.523224522808e+04 
       2.094561203783e-02       2.516759395578e+04 
       2.107581861603e-02       2.510502310633e+04 
       2.120610660409e-02       2.504084994439e+04 
       2.133647760194e-02       2.497572221707e+04 
       2.146693324846e-02       2.490793088657e+04 
       2.159747522234e-02       2.484258591682e+04 
       2.172810524300e-02       2.477518816199e+04 
       2.185882507151e-02       2.470658087660e+04 
       2.198963651158e-02       2.463687323662e+04 
       2.212054141055e-02       2.456672159626e+04 
       2.225154166039e-02       2.449787545410e+04 
       2.238263919880e-02       2.442697253544e+04 
       2.251383601026e-02       2.435489998008e+04 
       2.264513412721e-02       2.428317012555e+04 
       2.277653563116e-02       2.420956637268e+04 
       2.290804265391e-02       2.413605960484e+04 
       2.303965737881e-02       2.406276459443e+04 
       2.317138204198e-02       2.398726575715e+04 
       2.330321893368e-02       2.391303463352e+04 
       2.343517039965e-02       2.383693755419e+04 
       2.356723884248e-02       2.376151920796e+04 
       2.369942672312e-02       2.368472156232e+04 
       2.383173656230e-02       2.360751913367e+04 
       2.396417094213e-02       2.352981671958e+04 
       2.409673250765e-02       2.345221428270e+04 
       2.422942396849e-02       2.337398522597e+04 
       2.436224810057e-02       2.329494293116e+04 
       2.449520774783e-02       2.321556890532e+04 
       2.462830582404e-02       2.313640376141e+04 
       2.476154531469e-02       2.305538102055e+04 
       2.489492927890e-02       2.297468049715e+04 
       2.502846085141e-02       2.289490429566e+04 
       2.516214324466e-02       2.281425973381e+04 
       2.529597975089e-02       2.273277822359e+04 
       2.542997374440e-02       2.265079930050e+04 
       2.556412868373e-02       2.256894599341e+04 
       2.569844811411e-02       2.248655099675e+04 
       2.583293566986e-02       2.240398358601e+04 
       2.596759507688e-02       2.232126301122e+04 
       2.610243015531e-02       2.223808424589e+04 
       2.623744482220e-02       2.215435342643e+04 
       2.637264309431e-02       2.207131190927e+04 
       2.650802909103e-02       2.198729529078e+04 
       2.664360703733e-02       2.190273376792e+04 
       2.677938126690e-02       2.181881126117e+04 
       2.691535622538e-02       2.173432270478e+04 
       2.705153647367e-02       2.164988651166e+04 
       2.718792669139e-02       2.156502586065e+04 
       2.732453168051e-02       2.148045887984e+04 
       2.746135636902e-02       2.139429613380e+04 
       2.759840581481e-02       2.130998198647e+04 
       2.773568520970e-02       2.122485865095e+04 
       2.787319988357e-02       2.113922632225e+04 
       2.801095530872e-02       2.105353231150e+04 
       2.814895710430e-02       2.096712086390e+04 
       2.828721104102e-02       2.088213598832e+04 
       2.842572304600e-02       2.079583541812e+04 
       2.856449920778e-02       2.071039510334e+04 
       2.870354578156e-02       2.062425581854e+04 
       2.884286919470e-02       2.053829147594e+04 
       2.898247605233e-02       2.045132408462e+04 
       2.912237314329e-02       2.036615110018e+04 
       2.926256744626e-02       2.027907990146e+04 
       2.940306613619e-02       2.019334506599e+04 
       2.954387659094e-02       2.010694580074e+04 
       2.968500639826e-02       2.002000365748e+04 
       2.982646336301e-02       1.993409331409e+04 
       2.996825551476e-02       1.984852061949e+04 
       3.011039111566e-02       1.976209941593e+04 
       3.025287866868e-02       1.967568967240e+04 
       3.039572692618e-02       1.958963491923e+04 
       3.053894489894e-02       1.950274240528e+04 
       3.068254186554e-02       1.941641810818e+04 
       3.082652738212e-02       1.933103236541e+04 
       3.097091129269e-02       1.924472691186e+04 
       3.111570373986e-02       1.915816736136e+04 
       3.126091517605e-02       1.907272800176e+04 
       3.140655637527e-02       1.898649024557e+04 
       3.155263844544e-02       1.890084178560e+04 
       3.169917284128e-02       1.881436822108e+04 
       3.184617137790e-02       1.872854958141e+04 
       3.199364624493e-02       1.864330765463e+04 
       3.214161002147e-02       1.855753934970e+04 
       3.229007569172e-02       1.847222255185e+04 
       3.243905666139e-02       1.838683779162e+04 
       3.258856677499e-02       1.830093124798e+04 
       3.273862033396e-02       1.821591578422e+04 
       3.288923211578e-02       1.813032545780e+04 
       3.304041739405e-02       1.804596488169e+04 
       3.319219195968e-02       1.796091333618e+04 
       3.334457214312e-02       1.787579000982e+04 
       3.349757483793e-02       1.779141088530e+04 
       3.365121752552e-02       1.770655032609e+04 
       3.380551830130e-02       1.762229410212e+04 
       3.396049590233e-02       1.753749270538e+04 
       3.411616973647e-02       1.745351549319e+04 
       3.427255991322e-02       1.736939448284e+04 
       3.442968727636e-02       1.728545216254e+04 
       3.458757343848e-02       1.720154056249e+04 
       3.474624081757e-02       1.711768566134e+04 
       3.490571267576e-02       1.703405397738e+04 
       3.506601316045e-02       1.695027118915e+04 
       3.522716734791e-02       1.686724568373e+04 
       3.538920128968e-02       1.678382910780e+04 
       3.555214206173e-02       1.670057946878e+04 
       3.571601781691e-02       1.661773737775e+04 
       3.588085784063e-02       1.653514991521e+04 
       3.604669261025e-02       1.645209608076e+04 
       3.621355385839e-02       1.636943317538e+04 
       3.638147464044e-02       1.628743103356e+04 
       3.655048940659e-02       1.620494902412e+04 
       3.672063407896e-02       1.612267273704e+04 
       3.689194613391e-02       1.604087481788e+04 
       3.706446469027e-02       1.595871838836e+04 
       3.723823060380e-02       1.587699016703e+04 
       3.741328656856e-02       1.579546924426e+04 
       3.758967722566e-02       1.571408699067e+04 
       3.776744928015e-02       1.563278087953e+04 
       3.794665162671e-02       1.555141541776e+04 
       3.812733548503e-02       1.546983600630e+04 
       3.830955454563e-02       1.538924504658e+04 
       3.849336512735e-02       1.530814977373e+04 
       3.867882634727e-02       1.522713106385e+04 
       3.886600030464e-02       1.514661960573e+04 
       3.905495227994e-02       1.506606299608e+04 
       3.924575095068e-02       1.498551366028e+04 
       3.943846862559e-02       1.490497766582e+04 
       3.963318149923e-02       1.482475937309e+04 
       3.982996992894e-02       1.474441419116e+04 
       4.002891873677e-02       1.466391745551e+04 
       4.023011753880e-02       1.458414803058e+04 
       4.043366110523e-02       1.450385885214e+04 
       4.063964975434e-02       1.442397534724e+04 
       4.084818978441e-02       1.434395367368e+04 
       4.105939394796e-02       1.426399291527e+04 
       4.127338197328e-02       1.418400994740e+04 
       4.149028113900e-02       1.410404958392e+04 
       4.171022690819e-02       1.402430353296e+04 
       4.193336362940e-02       1.394423411196e+04 
       4.215984531337e-02       1.386445219712e+04 
       4.238983649490e-02       1.378456273997e+04 
       4.262351319163e-02       1.370444152346e+04 
       4.286106397250e-02       1.362455903314e+04 
       4.310269115124e-02       1.354451215749e+04 
       4.334861212252e-02       1.346437139873e+04 
       4.359906086132e-02       1.338411847398e+04 
       4.385428960965e-02       1.330367560189e+04 
       4.411457077873e-02       1.322313482775e+04 
       4.438019910006e-02       1.314245439051e+04 
       4.465149406441e-02       1.306158208382e+04 
       4.492880269538e-02       1.298038485379e+04 
       4.521250271272e-02       1.289935722896e+04 
       4.550300615149e-02       1.281782859645e+04 
       4.580076351597e-02       1.273591154146e+04 
       4.610626856353e-02       1.265389755899e+04 
       4.642006383320e-02       1.257142515300e+04 
       4.674274705814e-02       1.248860042236e+04 
       4.707497863148e-02       1.240524877506e+04 
       4.741749033286e-02       1.232131255829e+04 
       4.777109557015e-02       1.223706180481e+04 
       4.813670145029e-02       1.215234193465e+04 
       4.851532306832e-02       1.206672922607e+04 
       4.890810049841e-02       1.198034442605e+04 
       4.931631909153e-02       1.189340880144e+04 
       4.974143383772e-02       1.180536088353e+04 
       5.018509874677e-02       1.171637920545e+04 
       5.064920245059e-02       1.162639057327e+04 
       5.113591154741e-02       1.153500707934e+04 
       5.164772360888e-02       1.144211839972e+04 
       5.218753227149e-02       1.134758596675e+04 
       5.275870744651e-02       1.125125330604e+04 
       5.336519440549e-02       1.115267437008e+04 
       5.401163629449e-02       1.105162728099e+04 
       5.470352538248e-02       1.094738357183e+04 
       5.544738877757e-02       1.083982067913e+04 
       5.625101383498e-02       1.072787930334e+04 
       5.712371578590e-02       1.061068192513e+04 
       5.807664281984e-02       1.048695558656e+04 
       5.912309754444e-02       1.035503293232e+04 
       6.027882102460e-02       1.021287127137e+04 
       6.156212584334e-02       1.005728831974e+04 
       6.299366770936e-02       9.884401368892e+03 
       6.459551705041e-02       9.689073259348e+03 
       6.638909458712e-02       9.464909143262e+03 
       6.839164605334e-02       9.204773077385e+03 
       7.061153860382e-02       8.901716422436e+03 
       7.304385871179e-02       8.551259207946e+03 
       7.566882973082e-02       8.153824265302e+03 
       7.845487366332e-02       7.716452064268e+03 
       8.136533534460e-02       7.252803430798e+03 
       8.436546665602e-02       6.780805014324e+03 
       8.742676376991e-02       6.319489657833e+03 
       9.052813585310e-02       5.885973834717e+03 
       9.365504728976e-02       5.493337224132e+03 
       9.679794185441e-02       5.149684135176e+03 
       9.995072502537e-02       4.857418778438e+03 
       1.031095837153e-01       4.615799392733e+03 
       1.062721603728e-01       4.420973193032e+03 
       1.094370078937e-01       4.266241340728e+03 
       1.126032418664e-01       4.142667838562e+03 
       1.157703231236e-01       4.039812591296e+03 
       1.189379233981e-01       3.947140466658e+03 
       1.221058429195e-01       3.855553648808e+03 
       1.252739600898e-01       3.758089572239e+03 
       1.284422008294e-01       3.650117978980e+03 
       1.316105199342e-01       3.529439901726e+03 
       1.347788897482e-01       3.396369678470e+03 
       1.379472932829e-01       3.253113280851e+03 
       1.411157200403e-01       3.103039637190e+03 
       1.442841634758e-01       2.950267724979e+03 
       1.474526194579e-01       2.799643227027e+03 
       1.506210853316e-01       2.656294185180e+03 
       1.537895593500e-01       2.524511116934e+03 
       1.569580403269e-01       2.406922136047e+03 
       1.601265274266e-01       2.304500356400e+03 
       1.632950200345e-01       2.217133775335e+03 
       1.664635176778e-01       2.144004093464e+03 
       1.696320199775e-01       2.083579348263e+03 
       1.728005266177e-01       2.033585282955e+03 
       1.759690373268e-01       1.991168231163e+03 
       1.791375518659e-01       1.953247148956e+03 
       1.823060700206e-01       1.916879646787e+03 
       1.854745915961e-01       1.879651611161e+03 
       1.886431164140e-01       1.839864037679e+03 
       1.918116443092e-01       1.796489509325e+03 
       1.949801751288e-01       1.749008072788e+03 
       1.981487087304e-01       1.697416666374e+03 
       2.013172449808e-01       1.642364083958e+03 
       2.044857837556e-01       1.585130058972e+03 
       2.076543249382e-01       1.527304952569e+03 
       2.108228684190e-01       1.470458869137e+03 
       2.139914140951e-01       1.415983328148e+03 
       2.171599618697e-01       1.365058276582e+03 
       2.203285116515e-01       1.318575279784e+03 
       2.234970633545e-01       1.277010376036e+03 
       2.266656168977e-01       1.240394419053e+03 
       2.298341722043e-01       1.208408123903e+03 
       2.330027292020e-01       1.180490844604e+03 
       2.361712878222e-01       1.155910437674e+03 
       2.393398480001e-01       1.133833386560e+03 
       2.425084096742e-01       1.113394055069e+03 
       2.456769727863e-01       1.093739309098e+03 
       2.488455372810e-01       1.074063508194e+03 
       2.520141031059e-01       1.053696359907e+03 
       2.551826702111e-01       1.032219814428e+03 
       2.583512385493e-01       1.009516148522e+03 
       2.615198080754e-01       9.856909152613e+02 
       2.646883787464e-01       9.609737121467e+02 
       2.678569505215e-01       9.356837456975e+02 
       2.710255233617e-01       9.102337783811e+02 
       2.741940972299e-01       8.850926032386e+02 
       2.773626720906e-01       8.607128551834e+02 
       2.805312479101e-01       8.374781846582e+02 
       2.836998246560e-01       8.156826399822e+02 
       2.868684022975e-01       7.955041868773e+02 
       2.900369808051e-01       7.769901889913e+02 
       2.932055601505e-01       7.600748023823e+02 
       2.963741403067e-01       7.446219964748e+02 
       2.995427212478e-01       7.304441485977e+02 
       3.027113029492e-01       7.172906305178e+02 
       3.058798853869e-01       7.048610257890e+02 
       3.090484685383e-01       6.928503950586e+02 
       3.122170523816e-01       6.810000279428e+02 
       3.153856368957e-01       6.691107544285e+02 
       3.185542220605e-01       6.570430611900e+02 
       3.217228078568e-01       6.447257805962e+02 
       3.248913942660e-01       6.321585560251e+02 
       3.280599812701e-01       6.193931490145e+02 
       3.312285688522e-01       6.065112911305e+02 
       3.343971569956e-01       5.936191781886e+02 
       3.375657456844e-01       5.808537180529e+02 
       3.407343349035e-01       5.683646357708e+02 
       3.439029246380e-01       5.562826523031e+02 
       3.470715148738e-01       5.447040020486e+02 
       3.502401055973e-01       5.336941034587e+02 
       3.534086967951e-01       5.232902931009e+02 
       3.565772884548e-01       5.134901654964e+02 
       3.597458805639e-01       5.042531586528e+02 
       3.629144731106e-01       4.955152120354e+02 
       3.660830660837e-01       4.872032851015e+02 
       3.692516594719e-01       4.792368143533e+02 
       3.724202532647e-01       4.715266913604e+02 
       3.755888474519e-01       4.639871958437e+02 
       3.787574420234e-01       4.565490854383e+02 
       3.819260369697e-01       4.491587627124e+02 
       3.850946322814e-01       4.417763874661e+02 
       3.882632279496e-01       4.343808064121e+02 
       3.914318239656e-01       4.269779133089e+02 
       3.946004203211e-01       4.195927382572e+02 
       3.977690170077e-01       4.122557989507e+02 
       4.009376140177e-01       4.049986802177e+02 
       4.041062113434e-01       3.978603890132e+02 
       4.072748089775e-01       3.908858389995e+02 
       4.104434069127e-01       3.841137093201e+02 
       4.136120051421e-01       3.775669644980e+02 
       4.167806036590e-01       3.712564174313e+02 
       4.199492024568e-01       3.651851996943e+02 
       4.231178015292e-01       3.593481838603e+02 
       4.262864008701e-01       3.537299317843e+02 
       4.294550004735e-01       3.483100034775e+02 
       4.326236003336e-01       3.430662167671e+02 
       4.357922004448e-01       3.379724415939e+02 
       4.389608008016e-01       3.329972038106e+02 
       4.421294013987e-01       3.281104135353e+02 
       4.452980022311e-01       3.232919654337e+02 
       4.484666032936e-01       3.185307762567e+02 
       4.516352045814e-01       3.138185225277e+02 
       4.548038060898e-01       3.091491642135e+02 
       4.579724078142e-01       3.045231739443e+02 
       4.611410097501e-01       2.999485004013e+02 
       4.643096118933e-01       2.954347637302e+02 
       4.674782142393e-01       2.909902176508e+02 
       4.706468167843e-01       2.866247380643e+02 
       4.738154195240e-01       2.823503590325e+02 
       4.769840224547e-01       2.781774399738e+02 
       4.801526255726e-01       2.741106484686e+02 
       4.833212288739e-01       2.701514388699e+02 
       4.864898323551e-01       2.663007877763e+02 
       4.896584360127e-01       2.625569233537e+02 
       4.928270398432e-01       2.589130799223e+02 
       4.959956438433e-01       2.553598366806e+02 
       4.991642480098e-01       2.518890259771e+02 
       5.023328523395e-01       2.484933652742e+02 
       5.055014568294e-01       2.451638545633e+02 
       5.086700614764e-01       2.418906087421e+02 
       5.118386662776e-01       2.386670398571e+02 
       5.150072712302e-01       2.354902838895e+02 
       5.181758763314e-01       2.323580416303e+02 
       5.213444815784e-01       2.292673473348e+02 
       5.245130869687e-01       2.262173941775e+02 
       5.276816924995e-01       2.232106099516e+02 
       5.308502981685e-01       2.202500580449e+02 
       5.340189039730e-01       2.173374154296e+02 
       5.371875099108e-01       2.144745479298e+02 
       5.403561159795e-01       2.116651417641e+02 
       5.435247221768e-01       2.089121550132e+02 
       5.466933285003e-01       2.062157427209e+02 
       5.498619349481e-01       2.035743775779e+02 
       5.530305415178e-01       2.009875669726e+02 
       5.561991482074e-01       1.984551751261e+02 
       5.593677550149e-01       1.959752371587e+02 
       5.625363619383e-01       1.935439599756e+02 
       5.657049689756e-01       1.911583502329e+02 
       5.688735761249e-01       1.888162247696e+02 
       5.720421833844e-01       1.865146821038e+02 
       5.752107907521e-01       1.842499199064e+02 
       5.783793982264e-01       1.820193219281e+02 
       5.815480058055e-01       1.798223065647e+02 
       5.847166134877e-01       1.776582142053e+02 
       5.878852212713e-01       1.755254072382e+02 
       5.910538291546e-01       1.734228472434e+02 
       5.942224371361e-01       1.713513198332e+02 
       5.973910452143e-01       1.693120495002e+02 
       6.295321725579e-01       1.504456552700e+02 
       6.671452502321e-01       1.319442450080e+02 
       7.127747586844e-01       1.134695668835e+02 
       7.710350137075e-01       9.472281140746e+01 
       8.510626037905e-01       7.532508845916e+01 
       9.720221079273e-01       5.512565992952e+01 
       1.168153486494e+00       3.552309383372e+01 
       1.459736492095e+00       2.058094377221e+01 
       1.837257661492e+00       1.152621701838e+01 
