# Matter power spectrum P(k) at redshift z=0
# for k=8.74422e-06 to 1.56824 h/Mpc,
# number of wavenumbers equal to 554
#    1:k (h/Mpc)              2:P (Mpc/h)^3        
       8.744222696063e-06       8.237155659014e+01 
       2.068975276663e-05       1.885929826704e+02 
       3.266924639969e-05       2.926085871450e+02 
       4.471040958154e-05       3.956140507021e+02 
       5.684132636669e-05       5.004339428310e+02 
       6.909067435652e-05       6.035487126152e+02 
       8.148794594900e-05       7.070686731680e+02 
       9.406367792432e-05       8.113095617597e+02 
       1.068496919515e-04       9.165650523819e+02 
       1.198793486264e-04       1.023117812930e+03 
       1.331878176694e-04       1.131246451274e+03 
       1.468123669109e-04       1.241230282218e+03 
       1.607926726437e-04       1.353352827137e+03 
       1.751711538082e-04       1.467904502449e+03 
       1.899933322506e-04       1.591094026039e+03 
       2.053082209140e-04       1.711782453523e+03 
       2.211687412158e-04       1.835825644584e+03 
       2.376321699595e-04       1.974807940201e+03 
       2.547606148068e-04       2.112440985092e+03 
       2.726215154825e-04       2.248825315281e+03 
       2.912881653283e-04       2.397192492852e+03 
       3.108402444014e-04       2.552154895743e+03 
       3.313643508144e-04       2.710503934582e+03 
       3.529545112600e-04       2.882227912637e+03 
       3.757126444764e-04       3.048137184197e+03 
       3.997489427278e-04       3.243883062202e+03 
       4.251821262704e-04       3.438463169541e+03 
       4.521395146275e-04       3.643084242342e+03 
       4.807568470753e-04       3.859389416209e+03 
       5.111777744296e-04       4.089271905173e+03 
       5.435529370962e-04       4.336119856473e+03 
       5.780385433352e-04       4.591505651356e+03 
       6.147943703737e-04       4.866879981040e+03 
       6.539811333126e-04       5.155394679822e+03 
       6.957572060895e-04       5.460592810971e+03 
       7.402747366883e-04       5.783383143915e+03 
       7.876752735163e-04       6.124256065254e+03 
       8.380851047095e-04       6.483360489236e+03 
       8.916105948041e-04       6.860937495298e+03 
       9.483338668964e-04       7.256771563016e+03 
       1.008309204887e-03       7.671557078932e+03 
       1.071560525262e-03       8.102874020739e+03 
       1.138080186131e-03       8.551872214128e+03 
       1.207829271112e-03       9.016946194234e+03 
       1.280739328499e-03       9.495913850205e+03 
       1.356715391060e-03       9.988044180182e+03 
       1.435639977901e-03       1.049149399542e+04 
       1.517377707571e-03       1.100565461134e+04 
       1.601780137773e-03       1.152767922996e+04 
       1.688690485246e-03       1.205648162493e+04 
       1.777947953243e-03       1.258998642721e+04 
       1.869391484185e-03       1.312640953595e+04 
       1.962862843889e-03       1.366489717671e+04 
       2.058209019145e-03       1.420430225709e+04 
       2.155283966289e-03       1.474298558729e+04 
       2.253949783926e-03       1.527929589835e+04 
       2.354077400697e-03       1.581294071132e+04 
       2.455546873126e-03       1.634231610798e+04 
       2.558247383552e-03       1.686615372056e+04 
       2.662077017866e-03       1.738554828434e+04 
       2.766942390120e-03       1.789813566216e+04 
       2.872758168166e-03       1.840407163504e+04 
       2.979446542461e-03       1.890269067270e+04 
       3.086936669730e-03       1.939338304547e+04 
       3.195164114495e-03       1.987611800202e+04 
       3.304070304481e-03       2.035036140590e+04 
       3.413602010532e-03       2.081625468052e+04 
       3.523710857535e-03       2.127317540016e+04 
       3.634352869849e-03       2.172147607534e+04 
       3.745488052573e-03       2.216017540420e+04 
       3.857080008479e-03       2.258996266946e+04 
       3.969095589429e-03       2.301029242663e+04 
       4.081504580481e-03       2.342157875762e+04 
       4.194279414501e-03       2.382366983342e+04 
       4.307394914950e-03       2.421599295033e+04 
       4.420828064458e-03       2.459916854181e+04 
       4.534557796848e-03       2.497365738730e+04 
       4.648564810390e-03       2.531421252346e+04 
       4.762831400178e-03       2.566002943680e+04 
       4.877341307715e-03       2.603094687409e+04 
       4.992079585899e-03       2.636464759462e+04 
       5.107032477837e-03       2.668106005888e+04 
       5.222187307988e-03       2.702041562802e+04 
       5.337532384350e-03       2.733323602034e+04 
       5.453056910500e-03       2.763373810768e+04 
       5.568750906435e-03       2.791081951243e+04 
       5.684605137275e-03       2.818915119360e+04 
       5.800611048991e-03       2.848469904942e+04 
       5.916760710406e-03       2.876843530938e+04 
       6.033046760813e-03       2.902765352570e+04 
       6.149462362612e-03       2.927652474884e+04 
       6.266001158442e-03       2.952666756935e+04 
       6.382657232344e-03       2.975165092948e+04 
       6.499425074539e-03       2.997309884190e+04 
       6.616299549444e-03       3.022092419483e+04 
       6.733275866606e-03       3.041019510744e+04 
       6.850349554254e-03       3.063572669075e+04 
       6.967516435217e-03       3.082629400084e+04 
       7.084772604956e-03       3.103365187495e+04 
       7.202114411527e-03       3.121865181153e+04 
       7.319538437263e-03       3.138087221314e+04 
       7.437041482031e-03       3.157683551664e+04 
       7.554620547901e-03       3.173846633372e+04 
       7.672272825099e-03       3.190520125883e+04 
       7.789995679122e-03       3.204783115236e+04 
       7.907786638908e-03       3.220627725687e+04 
       8.025643385974e-03       3.233837785024e+04 
       8.143563744412e-03       3.248781672246e+04 
       8.261545671693e-03       3.262305222896e+04 
       8.379587250186e-03       3.274125690271e+04 
       8.497686679348e-03       3.285411009382e+04 
       8.615842268504e-03       3.297993961346e+04 
       8.734052430190e-03       3.307902285510e+04 
       8.852315673995e-03       3.318301782015e+04 
       8.970630600870e-03       3.327573121636e+04 
       9.088995897855e-03       3.337316624109e+04 
       9.207410333199e-03       3.346500101249e+04 
       9.325872751840e-03       3.354243687696e+04 
       9.444382071205e-03       3.362503049316e+04 
       9.562937277322e-03       3.369265892226e+04 
       9.681537421207e-03       3.375697265054e+04 
       9.800181615506e-03       3.382208117172e+04 
       9.918869031376e-03       3.386451406849e+04 
       1.003759889559e-02       3.393735527450e+04 
       1.015637048782e-02       3.396952971330e+04 
       1.027518313816e-02       3.401225647050e+04 
       1.039403622476e-02       3.407668536608e+04 
       1.051292917168e-02       3.410083577405e+04 
       1.063186144681e-02       3.414303391376e+04 
       1.075083256007e-02       3.417211649369e+04 
       1.086984206157e-02       3.419216173271e+04 
       1.098888953999e-02       3.421173564010e+04 
       1.110797462111e-02       3.423383553457e+04 
       1.122709696631e-02       3.425172182589e+04 
       1.134625627130e-02       3.425920923442e+04 
       1.146545226486e-02       3.426231417826e+04 
       1.158468470770e-02       3.427003727681e+04 
       1.170395339138e-02       3.425328340117e+04 
       1.182325813734e-02       3.426093931519e+04 
       1.194259879595e-02       3.425234078703e+04 
       1.206197524566e-02       3.423671302599e+04 
       1.218138739220e-02       3.422705955629e+04 
       1.230083516784e-02       3.420715109848e+04 
       1.242031853070e-02       3.419059758507e+04 
       1.253983746414e-02       3.416183864768e+04 
       1.265939197612e-02       3.415080029950e+04 
       1.277898209872e-02       3.411635086891e+04 
       1.289860788761e-02       3.408906328576e+04 
       1.301826942161e-02       3.405529844634e+04 
       1.313796680223e-02       3.401540281689e+04 
       1.325770015336e-02       3.397842747034e+04 
       1.337746962087e-02       3.392941877192e+04 
       1.349727537231e-02       3.389409458654e+04 
       1.361711759665e-02       3.384441975512e+04 
       1.373699650401e-02       3.379153282993e+04 
       1.385691232543e-02       3.373769700822e+04 
       1.397686531270e-02       3.368959900422e+04 
       1.409685573820e-02       3.362482583299e+04 
       1.421688389472e-02       3.357476704479e+04 
       1.433695009538e-02       3.350725915143e+04 
       1.445705467351e-02       3.345041095604e+04 
       1.457719798261e-02       3.338867647800e+04 
       1.469738039628e-02       3.331245650621e+04 
       1.481760230819e-02       3.324595326748e+04 
       1.493786413209e-02       3.317727073677e+04 
       1.505816630182e-02       3.310322284058e+04 
       1.517850927133e-02       3.303351491823e+04 
       1.529889351475e-02       3.295534384748e+04 
       1.541931952645e-02       3.287489982863e+04 
       1.553978782113e-02       3.279471785821e+04 
       1.566029893395e-02       3.271372346257e+04 
       1.578085342061e-02       3.263181207682e+04 
       1.590145185752e-02       3.254704623337e+04 
       1.602209484199e-02       3.245472584128e+04 
       1.614278299233e-02       3.237185905010e+04 
       1.626351694811e-02       3.227885531239e+04 
       1.638429737034e-02       3.218894308775e+04 
       1.650512494170e-02       3.209930400647e+04 
       1.662600036679e-02       3.200436646811e+04 
       1.674692437235e-02       3.190847156753e+04 
       1.686789770760e-02       3.181334114659e+04 
       1.698892114447e-02       3.171149335015e+04 
       1.710999547796e-02       3.161551587617e+04 
       1.723112152640e-02       3.151167390835e+04 
       1.735230013183e-02       3.141447192203e+04 
       1.747353216037e-02       3.130784213014e+04 
       1.759481850256e-02       3.120462397091e+04 
       1.771616007374e-02       3.109433341890e+04 
       1.783755781450e-02       3.099259498240e+04 
       1.795901269107e-02       3.088773259611e+04 
       1.808052569576e-02       3.077985875930e+04 
       1.820209784743e-02       3.066444390215e+04 
       1.832373019196e-02       3.055565217684e+04 
       1.844542380275e-02       3.044627477019e+04 
       1.856717978121e-02       3.033742997511e+04 
       1.868899925731e-02       3.022271803695e+04 
       1.881088339012e-02       3.011193846864e+04 
       1.893283336838e-02       2.999449066288e+04 
       1.905485041111e-02       2.988205843584e+04 
       1.917693576817e-02       2.976706861548e+04 
       1.929909072094e-02       2.964902325598e+04 
       1.942131658291e-02       2.953172859898e+04 
       1.954361470044e-02       2.941009204654e+04 
       1.966598645336e-02       2.929545768061e+04 
       1.978843325575e-02       2.917324287650e+04 
       1.991095655665e-02       2.905411173020e+04 
       2.003355784084e-02       2.893269584707e+04 
       2.015623862962e-02       2.881624587957e+04 
       2.027900048162e-02       2.869143455107e+04 
       2.040184499364e-02       2.857256114256e+04 
       2.052477380153e-02       2.844731565362e+04 
       2.064778858107e-02       2.832747225756e+04 
       2.077089104891e-02       2.819962401272e+04 
       2.089408296348e-02       2.808030271303e+04 
       2.101736612603e-02       2.795488295782e+04 
       2.114074238159e-02       2.782807776974e+04 
       2.126421362005e-02       2.770524448907e+04 
       2.138778177721e-02       2.758119897704e+04 
       2.151144883592e-02       2.745188833415e+04 
       2.163521682720e-02       2.732965636330e+04 
       2.175908783146e-02       2.720112120190e+04 
       2.188306397966e-02       2.707729457027e+04 
       2.200714745464e-02       2.694731565830e+04 
       2.213134049237e-02       2.682055037390e+04 
       2.225564538331e-02       2.669536882972e+04 
       2.238006447380e-02       2.656714776161e+04 
       2.250460016747e-02       2.644251925359e+04 
       2.262925492674e-02       2.631450631724e+04 
       2.275403127433e-02       2.618719418469e+04 
       2.287893179484e-02       2.605966854389e+04 
       2.300395913637e-02       2.593175671273e+04 
       2.312911601218e-02       2.580385519399e+04 
       2.325440520248e-02       2.567577571304e+04 
       2.337982955615e-02       2.554582455039e+04 
       2.350539199266e-02       2.542060484740e+04 
       2.363109550391e-02       2.529041290035e+04 
       2.375694315629e-02       2.516469277553e+04 
       2.388293809264e-02       2.503636973783e+04 
       2.400908353445e-02       2.490710432485e+04 
       2.413538278397e-02       2.478034034273e+04 
       2.426183922653e-02       2.464959631868e+04 
       2.438845633283e-02       2.452244574405e+04 
       2.451523766142e-02       2.439612337593e+04 
       2.464218686116e-02       2.426829488032e+04 
       2.476930767383e-02       2.414174083914e+04 
       2.489660393684e-02       2.401339151121e+04 
       2.502407958597e-02       2.388641294196e+04 
       2.515173865829e-02       2.375768361304e+04 
       2.527958529516e-02       2.363312938886e+04 
       2.540762374527e-02       2.350368666056e+04 
       2.553585836792e-02       2.337782639526e+04 
       2.566429363630e-02       2.325194285259e+04 
       2.579293414098e-02       2.312426883235e+04 
       2.592178459346e-02       2.300048701133e+04 
       2.605084982993e-02       2.287406887683e+04 
       2.618013481509e-02       2.274812188105e+04 
       2.630964464620e-02       2.262199010414e+04 
       2.643938455720e-02       2.249612052735e+04 
       2.656935992307e-02       2.237343980677e+04 
       2.669957626434e-02       2.224873570286e+04 
       2.683003925170e-02       2.212299222144e+04 
       2.696075471092e-02       2.200003186388e+04 
       2.709172862788e-02       2.187533636372e+04 
       2.722296715385e-02       2.175226798155e+04 
       2.735447661092e-02       2.162896330247e+04 
       2.748626349776e-02       2.150483381048e+04 
       2.761833449550e-02       2.138239327703e+04 
       2.775069647394e-02       2.126035178881e+04 
       2.788335649801e-02       2.113826100695e+04 
       2.801632183444e-02       2.101804484502e+04 
       2.814959995884e-02       2.089678790933e+04 
       2.828319856293e-02       2.077492127118e+04 
       2.841712556222e-02       2.065424135239e+04 
       2.855138910395e-02       2.053461185496e+04 
       2.868599757545e-02       2.041482852332e+04 
       2.882095961275e-02       2.029568435381e+04 
       2.895628410976e-02       2.017657624142e+04 
       2.909198022768e-02       2.005577140921e+04 
       2.922805740499e-02       1.993772522406e+04 
       2.936452536785e-02       1.982119723452e+04 
       2.950139414093e-02       1.970300568284e+04 
       2.963867405887e-02       1.958684587425e+04 
       2.977637577817e-02       1.946872319255e+04 
       2.991451028976e-02       1.935371090264e+04 
       3.005308893209e-02       1.923755607516e+04 
       3.019212340494e-02       1.912225649155e+04 
       3.033162578384e-02       1.900560995651e+04 
       3.047160853528e-02       1.889126464359e+04 
       3.061208453266e-02       1.877831990697e+04 
       3.075306707307e-02       1.866444878728e+04 
       3.089456989489e-02       1.855052633671e+04 
       3.103660719640e-02       1.843807491187e+04 
       3.117919365528e-02       1.832471677287e+04 
       3.132234444922e-02       1.821234179893e+04 
       3.146607527759e-02       1.810083075014e+04 
       3.161040238429e-02       1.798985289797e+04 
       3.175534258195e-02       1.787958976461e+04 
       3.190091327734e-02       1.776946356491e+04 
       3.204713249830e-02       1.765958735848e+04 
       3.219401892220e-02       1.755025241631e+04 
       3.234159190599e-02       1.744125577130e+04 
       3.248987151804e-02       1.733152888396e+04 
       3.263887857187e-02       1.722344693819e+04 
       3.278863466180e-02       1.711612909865e+04 
       3.293916220089e-02       1.700943647442e+04 
       3.309048446105e-02       1.690274565246e+04 
       3.324262561575e-02       1.679633414955e+04 
       3.339561078528e-02       1.669054997308e+04 
       3.354946608500e-02       1.658531530685e+04 
       3.370421867656e-02       1.647929312066e+04 
       3.385989682254e-02       1.637504751290e+04 
       3.401652994458e-02       1.627147472970e+04 
       3.417414868549e-02       1.616729317401e+04 
       3.433278497545e-02       1.606470739953e+04 
       3.449247210276e-02       1.596186333113e+04 
       3.465324478949e-02       1.585939477101e+04 
       3.481513927246e-02       1.575704592752e+04 
       3.497819338993e-02       1.565597235122e+04 
       3.514244667453e-02       1.555494309836e+04 
       3.530794045305e-02       1.545380775675e+04 
       3.547471795354e-02       1.535402851213e+04 
       3.564282442051e-02       1.525421413189e+04 
       3.581230723894e-02       1.515396580354e+04 
       3.598321606779e-02       1.505504608606e+04 
       3.615560298411e-02       1.495717646435e+04 
       3.632952263858e-02       1.485871938490e+04 
       3.650503242366e-02       1.476107675983e+04 
       3.668219265555e-02       1.466329500833e+04 
       3.686106677140e-02       1.456659046281e+04 
       3.704172154320e-02       1.446939157412e+04 
       3.722422731015e-02       1.437375028302e+04 
       3.740865823145e-02       1.427771871888e+04 
       3.759509256155e-02       1.418161388782e+04 
       3.778361295044e-02       1.408705517068e+04 
       3.797430677157e-02       1.399180660480e+04 
       3.816726648067e-02       1.389737226238e+04 
       3.836259000874e-02       1.380356011954e+04 
       3.856038119338e-02       1.370924593622e+04 
       3.876075025282e-02       1.361625071005e+04 
       3.896381430781e-02       1.352290282305e+04 
       3.916969795726e-02       1.343011688086e+04 
       3.937853391420e-02       1.333711523848e+04 
       3.959046370984e-02       1.324508749517e+04 
       3.980563847439e-02       1.315335144315e+04 
       4.002421980491e-02       1.306124862765e+04 
       4.024638073172e-02       1.296952884469e+04 
       4.047230679711e-02       1.287888031838e+04 
       4.070219726188e-02       1.278725215479e+04 
       4.093626645814e-02       1.269659855534e+04 
       4.117474530984e-02       1.260623470019e+04 
       4.141788304585e-02       1.251581686920e+04 
       4.166594913530e-02       1.242573813873e+04 
       4.191923547991e-02       1.233576197785e+04 
       4.217805890424e-02       1.224567068395e+04 
       4.244276399293e-02       1.215586229410e+04 
       4.271372633305e-02       1.206621589855e+04 
       4.299135623116e-02       1.197658787019e+04 
       4.327610298883e-02       1.188698268393e+04 
       4.356845983737e-02       1.179722946356e+04 
       4.386896965391e-02       1.170777337016e+04 
       4.417823160736e-02       1.161796695139e+04 
       4.449690891528e-02       1.152855825183e+04 
       4.482573793418e-02       1.143879427849e+04 
       4.516553885669e-02       1.134887165098e+04 
       4.551722835429e-02       1.125876815016e+04 
       4.588183458616e-02       1.116831595213e+04 
       4.626051509867e-02       1.107764477873e+04 
       4.665457827245e-02       1.098661358078e+04 
       4.706550914286e-02       1.089516086876e+04 
       4.749500063421e-02       1.080289031810e+04 
       4.794499152234e-02       1.070998883002e+04 
       4.841771278632e-02       1.061634266680e+04 
       4.891574444587e-02       1.052212425942e+04 
       4.944208551825e-02       1.042634576630e+04 
       5.000024037287e-02       1.032914797664e+04 
       5.059432549322e-02       1.023015998033e+04 
       5.122920139872e-02       1.012899460520e+04 
       5.191063503720e-02       1.002522831401e+04 
       5.264549789373e-02       9.918467576076e+03 
       5.344200345987e-02       9.807498917972e+03 
       5.430998276607e-02       9.691435150953e+03 
       5.526118503652e-02       9.568615734435e+03 
       5.630956632815e-02       9.436281260830e+03 
       5.747148326111e-02       9.291870990094e+03 
       5.876563106001e-02       9.130718762501e+03 
       6.021245238921e-02       8.947858202416e+03 
       6.183262898106e-02       8.737123402919e+03 
       6.364427386361e-02       8.490129502901e+03 
       6.565881402406e-02       8.197747341802e+03 
       6.787650546070e-02       7.853769133239e+03 
       7.028370334588e-02       7.458036681279e+03 
       7.285410565769e-02       7.016123482994e+03 
       7.555413067309e-02       6.541014131424e+03 
       7.834980293621e-02       6.053514252240e+03 
       8.121191412104e-02       5.575350592663e+03 
       8.411812442492e-02       5.126641712326e+03 
       8.705268677432e-02       4.722582109088e+03 
       9.000509423468e-02       4.372079830780e+03 
       9.296858230415e-02       4.079068530334e+03 
       9.593889353176e-02       3.842707768209e+03 
       9.891338592920e-02       3.657370273175e+03 
       1.018904341322e-01       3.515226288133e+03 
       1.048690434125e-01       3.406962674566e+03 
       1.078486068438e-01       3.321913075938e+03 
       1.108287547205e-01       3.249777218934e+03 
       1.138092619910e-01       3.181027875057e+03 
       1.167899916494e-01       3.107455723690e+03 
       1.197708602265e-01       3.023066724149e+03 
       1.227518167915e-01       2.924854060485e+03 
       1.257328301895e-01       2.812083242296e+03 
       1.287138812881e-01       2.686349524133e+03 
       1.316949582694e-01       2.551319347295e+03 
       1.346760537714e-01       2.411802648017e+03 
       1.376571631507e-01       2.273042368747e+03 
       1.406382834279e-01       2.139882516593e+03 
       1.436194126459e-01       2.016477747520e+03 
       1.466005494795e-01       1.905900955992e+03 
       1.495816929976e-01       1.809943010431e+03 
       1.525628425175e-01       1.729069674028e+03 
       1.555439975163e-01       1.662779883038e+03 
       1.585251575757e-01       1.609500023612e+03 
       1.615063223483e-01       1.567001208618e+03 
       1.644874915361e-01       1.532795263751e+03 
       1.674686648775e-01       1.503958709668e+03 
       1.704498421379e-01       1.477651078749e+03 
       1.734310231048e-01       1.451386690436e+03 
       1.764122075833e-01       1.423079779018e+03 
       1.793933953935e-01       1.391233157561e+03 
       1.823745863689e-01       1.355060780880e+03 
       1.853557803542e-01       1.314467127143e+03 
       1.883369772047e-01       1.270030592865e+03 
       1.913181767849e-01       1.222785039826e+03 
       1.942993789681e-01       1.174092069312e+03 
       1.972805836350e-01       1.125448014163e+03 
       2.002617906739e-01       1.078252937516e+03 
       2.032429999797e-01       1.033769321193e+03 
       2.062242114531e-01       9.929505712757e+02 
       2.092054250010e-01       9.563883893183e+02 
       2.121866405352e-01       9.243007741524e+02 
       2.151678579726e-01       8.966349986813e+02 
       2.181490772346e-01       8.730216667500e+02 
       2.211302982469e-01       8.528286441473e+02 
       2.241115209393e-01       8.353232607756e+02 
       2.270927452452e-01       8.196679216228e+02 
       2.300739711013e-01       8.050287742965e+02 
       2.330551984479e-01       7.906520206629e+02 
       2.360364272281e-01       7.758982645528e+02 
       2.390176573879e-01       7.602946646534e+02 
       2.419988888761e-01       7.435781039678e+02 
       2.449801216438e-01       7.256729211970e+02 
       2.479613556446e-01       7.066985458871e+02 
       2.509425908343e-01       6.869024535843e+02 
       2.539238271709e-01       6.666436908471e+02 
       2.569050646141e-01       6.463600906383e+02 
       2.598863031256e-01       6.264627353023e+02 
       2.628675426689e-01       6.073328184792e+02 
       2.658487832091e-01       5.892836900848e+02 
       2.688300247128e-01       5.725372297959e+02 
       2.718112671482e-01       5.572043768737e+02 
       2.747925104847e-01       5.433067210148e+02 
       2.777737546932e-01       5.307662932925e+02 
       2.807549997459e-01       5.194263081321e+02 
       2.837362456158e-01       5.090855205127e+02 
       2.867174922775e-01       4.995039025931e+02 
       2.896987397063e-01       4.904305880239e+02 
       2.926799878786e-01       4.816241807922e+02 
       2.956612367720e-01       4.728829404758e+02 
       2.986424863646e-01       4.640469095569e+02 
       3.016237366357e-01       4.550105159386e+02 
       3.046049875651e-01       4.457200966291e+02 
       3.075862391338e-01       4.361850314999e+02 
       3.105674913231e-01       4.264581939792e+02 
       3.135487441153e-01       4.166245362046e+02 
       3.165299974933e-01       4.068000358256e+02 
       3.195112514407e-01       3.971013371425e+02 
       3.224925059414e-01       3.876447127538e+02 
       3.254737609804e-01       3.785338784567e+02 
       3.284550165428e-01       3.698476505868e+02 
       3.314362726144e-01       3.616323762769e+02 
       3.344175291817e-01       3.539103283261e+02 
       3.373987862313e-01       3.466735837895e+02 
       3.403800437506e-01       3.398891102278e+02 
       3.433613017272e-01       3.335034545304e+02 
       3.463425601494e-01       3.274485690792e+02 
       3.493238190056e-01       3.216536839117e+02 
       3.523050782848e-01       3.160433037989e+02 
       3.552863379763e-01       3.105513733272e+02 
       3.582675980698e-01       3.051204899077e+02 
       3.612488585552e-01       2.997088402925e+02 
       3.642301194229e-01       2.942897041279e+02 
       3.672113806636e-01       2.888549458937e+02 
       3.701926422682e-01       2.834094640765e+02 
       3.731739042280e-01       2.779688884219e+02 
       3.761551665344e-01       2.725615766049e+02 
       3.791364291793e-01       2.672187953039e+02 
       3.821176921547e-01       2.619737552748e+02 
       3.850989554529e-01       2.568569028613e+02 
       3.880802190665e-01       2.518953933023e+02 
       3.910614829881e-01       2.471077255377e+02 
       3.940427472108e-01       2.425057713340e+02 
       3.970240117278e-01       2.380914807993e+02 
       4.000052765325e-01       2.338594963099e+02 
       4.029865416184e-01       2.297977422093e+02 
       4.059678069794e-01       2.258882406169e+02 
       4.089490726094e-01       2.221115321426e+02 
       4.119303385025e-01       2.184440514604e+02 
       4.149116046531e-01       2.148646687410e+02 
       4.178928710556e-01       2.113537765814e+02 
       4.208741377046e-01       2.078957226947e+02 
       4.238554045949e-01       2.044778143760e+02 
       4.268366717216e-01       2.010931734021e+02 
       4.298179390795e-01       1.977393282250e+02 
       4.327992066640e-01       1.944173095391e+02 
       4.357804744703e-01       1.911324158754e+02 
       4.387617424939e-01       1.878911543202e+02 
       4.417430107305e-01       1.847022682746e+02 
       4.447242791756e-01       1.815738312566e+02 
       4.477055478252e-01       1.785144881569e+02 
       4.506868166751e-01       1.755300753016e+02 
       4.536680857215e-01       1.726252593714e+02 
       4.566493549604e-01       1.698019228974e+02 
       4.596306243880e-01       1.670601402705e+02 
       4.626118940008e-01       1.643974818510e+02 
       4.655931637951e-01       1.618091090540e+02 
       4.685744337675e-01       1.592899698097e+02 
       4.715557039146e-01       1.568330547921e+02 
       4.745369742330e-01       1.544319440694e+02 
       4.775182447197e-01       1.520797348356e+02 
       4.804995153713e-01       1.497707450814e+02 
       4.834807861849e-01       1.474997028013e+02 
       4.864620571575e-01       1.452631961178e+02 
       4.894433282861e-01       1.430587607096e+02 
       4.924245995680e-01       1.408850759249e+02 
       4.954058710003e-01       1.387423764454e+02 
       4.983871425803e-01       1.366312941665e+02 
       5.013684143054e-01       1.345538081972e+02 
       5.043496861731e-01       1.325113601330e+02 
       5.073309581807e-01       1.305062001040e+02 
       5.103122303259e-01       1.285398452941e+02 
       5.132935026062e-01       1.266138530133e+02 
       5.162747750192e-01       1.247288840771e+02 
       5.192560475628e-01       1.228851433381e+02 
       5.222373202346e-01       1.210822144038e+02 
       5.252185930324e-01       1.193188274574e+02 
       5.504606741873e-01       1.057125314466e+02 
       5.789904971144e-01       9.248593593250e+01 
       6.119799222037e-01       7.973467144493e+01 
       6.513363988362e-01       6.723264957059e+01 
       7.003997678979e-01       5.487444711863e+01 
       7.655417236733e-01       4.247014338310e+01 
       8.599333246151e-01       2.995453411928e+01 
       1.010124062796e+00       1.789764763844e+01 
       1.247241008971e+00       8.480460210945e+00 
       1.568235127826e+00       3.358224157043e+00 
