# Matter power spectrum P(k) at redshift z=0
# for k=1.04363e-05 to 1.75778 h/Mpc,
# number of wavenumbers equal to 569
#    1:k (h/Mpc)              2:P (Mpc/h)^3        
       1.043629884185e-05       5.265544160482e+01 
       2.329885142765e-05       1.140086292078e+02 
       3.620651226228e-05       1.742156748202e+02 
       4.919391114964e-05       2.339525538575e+02 
       6.229624908145e-05       2.935994949175e+02 
       7.554961122206e-05       3.534387631205e+02 
       8.899128987410e-05       4.137099816843e+02 
       1.026601217094e-04       4.746327164877e+02 
       1.165968435821e-04       5.364179907618e+02 
       1.308444712743e-04       5.992752068756e+02 
       1.454487055319e-04       6.634169105875e+02 
       1.604583696894e-04       7.290624647937e+02 
       1.759258830086e-04       7.964411553014e+02 
       1.919077734925e-04       8.657950065184e+02 
       2.084652332898e-04       9.373814630311e+02 
       2.256647187479e-04       1.011476025466e+03 
       2.435785955318e-04       1.088374886326e+03 
       2.622858268022e-04       1.168397579619e+03 
       2.818726989460e-04       1.251889629471e+03 
       3.024335744813e-04       1.339225153061e+03 
       3.240716551174e-04       1.430809338841e+03 
       3.468997291576e-04       1.527080679958e+03 
       3.710408661046e-04       1.628512793226e+03 
       3.966290072172e-04       1.735615595469e+03 
       4.238093838741e-04       1.848935542218e+03 
       4.527386764501e-04       1.969054561976e+03 
       4.835848062873e-04       2.096587249290e+03 
       5.165262347552e-04       2.232175823450e+03 
       5.517506303178e-04       2.376482334290e+03 
       5.894527627144e-04       2.530177626025e+03 
       6.298315000604e-04       2.693926682492e+03 
       6.730858277322e-04       2.868370200198e+03 
       7.194098837735e-04       3.054102588185e+03 
       7.689871162305e-04       3.251647073498e+03 
       8.219838070874e-04       3.461429161412e+03 
       8.785423578707e-04       3.683750280583e+03 
       9.387748644758e-04       3.918763914381e+03 
       1.002757587125e-03       4.166456739335e+03 
       1.070526912012e-03       4.426637135538e+03 
       1.142077286185e-03       4.698932841047e+03 
       1.217361395006e-03       4.982798534818e+03 
       1.296292579604e-03       5.277532908266e+03 
       1.378749217159e-03       5.582303573106e+03 
       1.464580568677e-03       5.896177228465e+03 
       1.553613478323e-03       6.218152087687e+03 
       1.645659297813e-03       6.547189714162e+03 
       1.740520492223e-03       6.882244025285e+03 
       1.837996525187e-03       7.222286048299e+03 
       1.937888782578e-03       7.566323786054e+03 
       2.040004442241e-03       7.913402730777e+03 
       2.144159313915e-03       8.262652076417e+03 
       2.250179751227e-03       8.613267882715e+03 
       2.357903779353e-03       8.964510545911e+03 
       2.467181595156e-03       9.315710699977e+03 
       2.577875590465e-03       9.666266988613e+03 
       2.689860031772e-03       1.001564258701e+04 
       2.803020507412e-03       1.036336096458e+04 
       2.917253230328e-03       1.070900121117e+04 
       3.032464263543e-03       1.105219316766e+04 
       3.148568717364e-03       1.139261258311e+04 
       3.265489952728e-03       1.172997649711e+04 
       3.383158813647e-03       1.206403897029e+04 
       3.501512903043e-03       1.239458719469e+04 
       3.620495909992e-03       1.272143793192e+04 
       3.740056991839e-03       1.304443427893e+04 
       3.860150211644e-03       1.336344275976e+04 
       3.980734029341e-03       1.367835073815e+04 
       4.101770843776e-03       1.398906411212e+04 
       4.223226582049e-03       1.429550525785e+04 
       4.345070332301e-03       1.459761111997e+04 
       4.467274015978e-03       1.489533153470e+04 
       4.589812095712e-03       1.518862767965e+04 
       4.712661315180e-03       1.547747073899e+04 
       4.835800467514e-03       1.576184098004e+04 
       4.959210189162e-03       1.604172600725e+04 
       5.082872776349e-03       1.631712018137e+04 
       5.206772021619e-03       1.658802380956e+04 
       5.330893068137e-03       1.685444067090e+04 
       5.455222279761e-03       1.711638195843e+04 
       5.579747125056e-03       1.737386273773e+04 
       5.704456073653e-03       1.762690094592e+04 
       5.829338503563e-03       1.787551776347e+04 
       5.954384618173e-03       1.811973724414e+04 
       6.079585371845e-03       1.835958596997e+04 
       6.204932403139e-03       1.859509274364e+04 
       6.330417974816e-03       1.882628828320e+04 
       6.456034919855e-03       1.905320500837e+04 
       6.581776592831e-03       1.927587669757e+04 
       6.707636826063e-03       1.949433830304e+04 
       6.833609890018e-03       1.970862576427e+04 
       6.959690457515e-03       1.991877582186e+04 
       7.085873571316e-03       2.012482587473e+04 
       7.212154614766e-03       2.032681386255e+04 
       7.338529285141e-03       2.052477816190e+04 
       7.464993569446e-03       2.071875751748e+04 
       7.591543722395e-03       2.090879097071e+04 
       7.718176246375e-03       2.109491780693e+04 
       7.844887873165e-03       2.127717750697e+04 
       7.971675547267e-03       2.145560969005e+04 
       8.098536410677e-03       2.163025407044e+04 
       8.225467788947e-03       2.180115039635e+04 
       8.352467178443e-03       2.196833839862e+04 
       8.479532234656e-03       2.213185773594e+04 
       8.606660761481e-03       2.229174793707e+04 
       8.733850701383e-03       2.244804835959e+04 
       8.861100126349e-03       2.260079813874e+04 
       8.988407229572e-03       2.275003616147e+04 
       9.115770317792e-03       2.289580103742e+04 
       9.243187804240e-03       2.303813108620e+04 
       9.370658202132e-03       2.317706433629e+04 
       9.498180118664e-03       2.331263852642e+04 
       9.625752249464e-03       2.344489112469e+04 
       9.753373373469e-03       2.357385933323e+04 
       9.881042348180e-03       2.369958010611e+04 
       1.000875810528e-02       2.382209014438e+04 
       1.013651964655e-02       2.394142590203e+04 
       1.026432604015e-02       2.405762356765e+04 
       1.039217641706e-02       2.417071905644e+04 
       1.052006996790e-02       2.428074797870e+04 
       1.064800593990e-02       2.438774562617e+04 
       1.077598363408e-02       2.449174693888e+04 
       1.090400240274e-02       2.459278649045e+04 
       1.103206164693e-02       2.469089847339e+04 
       1.116016081433e-02       2.478611669712e+04 
       1.128829939708e-02       2.487847459769e+04 
       1.141647692989e-02       2.496800525695e+04 
       1.154469298822e-02       2.505474143381e+04 
       1.167294718661e-02       2.513871559916e+04 
       1.180123917711e-02       2.521995997286e+04 
       1.192956864785e-02       2.529850655971e+04 
       1.205793532168e-02       2.537438717803e+04 
       1.218633895491e-02       2.544763347927e+04 
       1.231477933616e-02       2.551827696269e+04 
       1.244325628524e-02       2.558634897777e+04 
       1.257176965221e-02       2.565188071268e+04 
       1.270031931637e-02       2.571490315432e+04 
       1.282890518545e-02       2.577544691102e+04 
       1.295752719478e-02       2.583354187094e+04 
       1.308618530657e-02       2.588921693492e+04 
       1.321487950918e-02       2.594250032335e+04 
       1.334360981652e-02       2.599342029243e+04 
       1.347237626749e-02       2.604200544736e+04 
       1.360117892536e-02       2.608828451445e+04 
       1.373001787738e-02       2.613228606945e+04 
       1.385889323423e-02       2.617403858056e+04 
       1.398780512970e-02       2.621356904280e+04 
       1.411675372024e-02       2.625090630428e+04 
       1.424573918468e-02       2.628607722264e+04 
       1.437476172389e-02       2.631910896026e+04 
       1.450382156053e-02       2.635002842929e+04 
       1.463291893880e-02       2.637886230933e+04 
       1.476205412424e-02       2.640563705671e+04 
       1.489122740352e-02       2.643037890929e+04 
       1.502043908432e-02       2.645311389148e+04 
       1.514968949520e-02       2.647386781744e+04 
       1.527897898547e-02       2.649266629363e+04 
       1.540830792512e-02       2.650953472497e+04 
       1.553767670478e-02       2.652449830588e+04 
       1.566708573567e-02       2.653758204398e+04 
       1.579653544958e-02       2.654881074309e+04 
       1.592602629892e-02       2.655820901419e+04 
       1.605555875669e-02       2.656580127700e+04 
       1.618513331658e-02       2.657161176086e+04 
       1.631475049302e-02       2.657566450690e+04 
       1.644441082126e-02       2.657798337194e+04 
       1.657411485749e-02       2.657859202962e+04 
       1.670386317894e-02       2.657751396945e+04 
       1.683365638407e-02       2.657477250385e+04 
       1.696349509268e-02       2.657039076611e+04 
       1.709337994614e-02       2.656439171213e+04 
       1.722331160751e-02       2.655679812409e+04 
       1.735329076183e-02       2.654763261190e+04 
       1.748331811630e-02       2.653691761319e+04 
       1.761339440056e-02       2.652467539329e+04 
       1.774352036691e-02       2.651092805194e+04 
       1.787369679062e-02       2.649569752000e+04 
       1.800392447023e-02       2.647900556217e+04 
       1.813420422784e-02       2.646087377650e+04 
       1.826453690944e-02       2.644132359986e+04 
       1.839492338528e-02       2.642037630373e+04 
       1.852536455020e-02       2.639805299961e+04 
       1.865586132405e-02       2.637437463388e+04 
       1.878641465204e-02       2.634936199744e+04 
       1.891702550517e-02       2.632303571802e+04 
       1.904769488068e-02       2.629541626697e+04 
       1.917842380249e-02       2.626652395529e+04 
       1.930921332163e-02       2.623637893861e+04 
       1.944006451678e-02       2.620500121407e+04 
       1.957097849473e-02       2.617241062453e+04 
       1.970195639092e-02       2.613862685420e+04 
       1.983299936997e-02       2.610366943529e+04 
       1.996410862625e-02       2.606755774245e+04 
       2.009528538445e-02       2.603031099843e+04 
       2.022653090018e-02       2.599194826904e+04 
       2.035784646059e-02       2.595248846966e+04 
       2.048923338500e-02       2.591195035981e+04 
       2.062069302558e-02       2.587035254769e+04 
       2.075222676802e-02       2.582771348637e+04 
       2.088383603223e-02       2.578405147944e+04 
       2.101552227309e-02       2.573938467505e+04 
       2.114728698117e-02       2.569373107121e+04 
       2.127913168353e-02       2.564710851216e+04 
       2.141105794452e-02       2.559953469218e+04 
       2.154306736658e-02       2.555102715163e+04 
       2.167516159112e-02       2.550160327934e+04 
       2.180734229939e-02       2.545128031308e+04 
       2.193961121339e-02       2.540007533967e+04 
       2.207197009678e-02       2.534800529200e+04 
       2.220442075589e-02       2.529508695279e+04 
       2.233696504066e-02       2.524133695096e+04 
       2.246960484572e-02       2.518677176735e+04 
       2.260234211139e-02       2.513140772770e+04 
       2.273517882482e-02       2.507526100690e+04 
       2.286811702110e-02       2.501834762817e+04 
       2.300115878439e-02       2.496068346287e+04 
       2.313430624916e-02       2.490228422950e+04 
       2.326756160139e-02       2.484316549319e+04 
       2.340092707988e-02       2.478334266994e+04 
       2.353440497751e-02       2.472283102148e+04 
       2.366799764265e-02       2.466164565704e+04 
       2.380170748050e-02       2.459980153260e+04 
       2.393553695458e-02       2.453731345165e+04 
       2.406948858821e-02       2.447419606540e+04 
       2.420356496603e-02       2.441046387200e+04 
       2.433776873556e-02       2.434613121563e+04 
       2.447210260892e-02       2.428121228714e+04 
       2.460656936441e-02       2.421572112376e+04 
       2.474117184836e-02       2.414967161103e+04 
       2.487591297686e-02       2.408307747848e+04 
       2.501079573763e-02       2.401595230098e+04 
       2.514582319197e-02       2.394830950256e+04 
       2.528099847674e-02       2.388016234935e+04 
       2.541632480638e-02       2.381152395644e+04 
       2.555180547509e-02       2.374240728145e+04 
       2.568744385895e-02       2.367282512894e+04 
       2.582324341826e-02       2.360279014850e+04 
       2.595920769983e-02       2.353231483481e+04 
       2.609534033944e-02       2.346141152837e+04 
       2.623164506432e-02       2.339009240952e+04 
       2.636812569581e-02       2.331836950925e+04 
       2.650478615194e-02       2.324625470070e+04 
       2.664163045032e-02       2.317375970094e+04 
       2.677866271097e-02       2.310089607231e+04 
       2.691588715930e-02       2.302767521850e+04 
       2.705330812921e-02       2.295410839085e+04 
       2.719093006631e-02       2.288020668245e+04 
       2.732875753122e-02       2.280598102999e+04 
       2.746679520299e-02       2.273144221478e+04 
       2.760504788274e-02       2.265660086008e+04 
       2.774352049729e-02       2.258146743328e+04 
       2.788221810301e-02       2.250605224553e+04 
       2.802114588985e-02       2.243036545003e+04 
       2.816030918542e-02       2.235441704348e+04 
       2.829971345933e-02       2.227821686505e+04 
       2.843936432762e-02       2.220177459671e+04 
       2.857926755739e-02       2.212509976291e+04 
       2.871942907165e-02       2.204820173146e+04 
       2.885985495428e-02       2.197108971046e+04 
       2.900055145527e-02       2.189377275228e+04 
       2.914152499610e-02       2.181625975027e+04 
       2.928278217540e-02       2.173855943850e+04 
       2.942432977479e-02       2.166068039559e+04 
       2.956617476500e-02       2.158263103902e+04 
       2.970832431219e-02       2.150441962936e+04 
       2.985078578462e-02       2.142605426754e+04 
       2.999356675947e-02       2.134754289478e+04 
       3.013667503013e-02       2.126889329447e+04 
       3.028011861361e-02       2.119011309022e+04 
       3.042390575840e-02       2.111120974660e+04 
       3.056804495265e-02       2.103219056638e+04 
       3.071254493264e-02       2.095306269285e+04 
       3.085741469173e-02       2.087383311043e+04 
       3.100266348963e-02       2.079450864097e+04 
       3.114830086212e-02       2.071509594684e+04 
       3.129433663120e-02       2.063560152684e+04 
       3.144078091576e-02       2.055603171919e+04 
       3.158764414262e-02       2.047639270038e+04 
       3.173493705825e-02       2.039669048396e+04 
       3.188267074091e-02       2.031693091947e+04 
       3.203085661344e-02       2.023711969321e+04 
       3.217950645664e-02       2.015726232804e+04 
       3.232863242330e-02       2.007736418089e+04 
       3.247824705295e-02       1.999743044459e+04 
       3.262836328728e-02       1.991746614510e+04 
       3.277899448642e-02       1.983747613983e+04 
       3.293015444596e-02       1.975746512186e+04 
       3.308185741485e-02       1.967743761371e+04 
       3.323411811431e-02       1.959739796886e+04 
       3.338695175761e-02       1.951735037085e+04 
       3.354037407098e-02       1.943729883012e+04 
       3.369440131558e-02       1.935724718611e+04 
       3.384905031067e-02       1.927719910433e+04 
       3.400433845805e-02       1.919715807567e+04 
       3.416028376786e-02       1.911712741124e+04 
       3.431690488575e-02       1.903711024824e+04 
       3.447422112162e-02       1.895710954067e+04 
       3.463225248004e-02       1.887712806457e+04 
       3.479101969230e-02       1.879716840968e+04 
       3.495054425046e-02       1.871723298135e+04 
       3.511084844328e-02       1.863732399749e+04 
       3.527195539436e-02       1.855744348607e+04 
       3.543388910258e-02       1.847759328468e+04 
       3.559667448493e-02       1.839777503132e+04 
       3.576033742209e-02       1.831799017138e+04 
       3.592490480673e-02       1.823823994719e+04 
       3.609040459495e-02       1.815852539571e+04 
       3.625686586099e-02       1.807884734762e+04 
       3.642431885545e-02       1.799920642257e+04 
       3.659279506735e-02       1.791960302416e+04 
       3.676232729032e-02       1.784003733673e+04 
       3.693294969319e-02       1.776050932070e+04 
       3.710469789548e-02       1.768101870500e+04 
       3.727760904801e-02       1.760156498599e+04 
       3.745172191920e-02       1.752214741885e+04 
       3.762707698749e-02       1.744276501301e+04 
       3.780371654040e-02       1.736341652284e+04 
       3.798168478078e-02       1.728410044398e+04 
       3.816102794099e-02       1.720481500245e+04 
       3.834179440557e-02       1.712555814891e+04 
       3.852403484331e-02       1.704632755022e+04 
       3.870780234944e-02       1.696712057659e+04 
       3.889315259909e-02       1.688793429321e+04 
       3.908014401279e-02       1.680876544830e+04 
       3.926883793553e-02       1.672961046248e+04 
       3.945929883036e-02       1.665046541596e+04 
       3.965159448819e-02       1.657132603216e+04 
       3.984579625540e-02       1.649218766365e+04 
       4.004197928094e-02       1.641304527535e+04 
       4.024022278514e-02       1.633389342691e+04 
       4.044061035238e-02       1.625472625437e+04 
       4.064323025025e-02       1.617553744580e+04 
       4.084817577812e-02       1.609632021905e+04 
       4.105554564831e-02       1.601706729868e+04 
       4.126544440360e-02       1.593777088534e+04 
       4.147798287530e-02       1.585842262934e+04 
       4.169327868656e-02       1.577901359168e+04 
       4.191145680638e-02       1.569953421287e+04 
       4.213265016048e-02       1.561997427065e+04 
       4.235700030605e-02       1.554032283636e+04 
       4.258465817849e-02       1.546056822472e+04 
       4.281578491940e-02       1.538069794133e+04 
       4.305055279649e-02       1.530069862368e+04 
       4.328914622781e-02       1.522055597323e+04 
       4.353176292439e-02       1.514025468033e+04 
       4.377861516812e-02       1.505977834254e+04 
       4.402993124393e-02       1.497910937242e+04 
       4.428595704890e-02       1.489822889289e+04 
       4.454695790459e-02       1.481711661808e+04 
       4.481322060376e-02       1.473575072276e+04 
       4.508505572768e-02       1.465410768776e+04 
       4.536280027762e-02       1.457216213267e+04 
       4.564682067144e-02       1.448988661445e+04 
       4.593751616663e-02       1.440725140426e+04 
       4.623532278264e-02       1.432422422647e+04 
       4.654071781035e-02       1.424076995387e+04 
       4.685422501417e-02       1.415685025998e+04 
       4.717642065464e-02       1.407242320368e+04 
       4.750794048698e-02       1.398744274470e+04 
       4.784948792485e-02       1.390185816953e+04 
       4.820184360176e-02       1.381561340561e+04 
       4.856587661588e-02       1.372864620022e+04 
       4.894255781154e-02       1.364088712760e+04 
       4.933297553618e-02       1.355225837878e+04 
       4.973835441939e-02       1.346267227961e+04 
       5.016007785871e-02       1.337202945483e+04 
       5.059971507188e-02       1.328021653840e+04 
       5.105905379864e-02       1.318710328687e+04 
       5.154014002025e-02       1.309253891213e+04 
       5.204532642513e-02       1.299634736066e+04 
       5.257733180347e-02       1.289832119285e+04 
       5.313931411537e-02       1.279821354675e+04 
       5.373496065485e-02       1.269572746840e+04 
       5.436859950891e-02       1.259050159598e+04 
       5.504533731789e-02       1.248209074644e+04 
       5.577122899436e-02       1.236993931302e+04 
       5.655348513005e-02       1.225334447062e+04 
       5.740072142624e-02       1.213140503278e+04 
       5.832324985858e-02       1.200295004533e+04 
       5.933340011029e-02       1.186643962134e+04 
       6.044583623036e-02       1.171982917509e+04 
       6.167778828486e-02       1.156038989986e+04 
       6.304904049968e-02       1.138448781337e+04 
       6.458140065329e-02       1.118735171969e+04 
       6.629724735664e-02       1.096292301705e+04 
       6.821672589973e-02       1.070398818604e+04 
       7.035348753174e-02       1.040291378134e+04 
       7.270980253652e-02       1.005328701486e+04 
       7.527317885251e-02       9.652376449967e+03 
       7.801699651735e-02       9.203563132378e+03 
       8.090577135833e-02       8.717387573223e+03 
       8.390257160707e-02       8.210397566344e+03 
       8.697499453790e-02       7.702260488503e+03 
       9.009789576117e-02       7.212407532528e+03 
       9.325337448150e-02       6.757300014442e+03 
       9.642940817655e-02       6.348782907997e+03 
       9.961822402971e-02       5.993493228165e+03 
       1.028149171343e-01       5.693061284118e+03 
       1.060164388502e-01       5.444798910848e+03 
       1.092209118707e-01       5.242620431551e+03 
       1.124271866835e-01       5.078032099704e+03 
       1.156345617608e-01       4.941113637839e+03 
       1.188426097651e-01       4.821472237795e+03 
       1.220510706085e-01       4.709161471387e+03 
       1.252597860165e-01       4.595532949919e+03 
       1.284686596234e-01       4.473950551483e+03 
       1.316776326876e-01       4.340275447421e+03 
       1.348866693294e-01       4.193044345390e+03 
       1.380957475638e-01       4.033313081737e+03 
       1.413048538549e-01       3.864203846674e+03 
       1.445139798098e-01       3.690249986488e+03 
       1.477231201705e-01       3.516658792224e+03 
       1.509322715946e-01       3.348607113438e+03 
       1.541414319136e-01       3.190655856832e+03 
       1.573505996826e-01       3.046331917744e+03 
       1.605597739053e-01       2.917891434257e+03 
       1.637689538668e-01       2.806251394198e+03 
       1.669781390311e-01       2.711060473963e+03 
       1.701873289784e-01       2.630873110887e+03 
       1.733965233658e-01       2.563391451829e+03 
       1.766057219035e-01       2.505745371627e+03 
       1.798149243398e-01       2.454786630412e+03 
       1.830241304510e-01       2.407534205124e+03 
       1.862333400352e-01       2.361483056408e+03 
       1.894425529082e-01       2.313694889776e+03 
       1.926517689005e-01       2.262383748369e+03 
       1.958609878552e-01       2.206568691149e+03 
       1.990702096266e-01       2.146122489815e+03 
       2.022794340786e-01       2.081701520820e+03 
       2.054886610842e-01       2.014563363044e+03 
       2.086978905244e-01       1.946314827156e+03 
       2.119071222875e-01       1.878651463055e+03 
       2.151163562687e-01       1.813143308254e+03 
       2.183255923694e-01       1.751095265434e+03 
       2.215348304968e-01       1.693479885685e+03 
       2.247440705634e-01       1.640919247361e+03 
       2.279533124867e-01       1.593689515678e+03 
       2.311625561888e-01       1.551732333658e+03 
       2.343718015963e-01       1.514673110896e+03 
       2.375810486394e-01       1.481856529536e+03 
       2.407902972524e-01       1.452410072004e+03 
       2.439995473729e-01       1.425336715224e+03 
       2.472087989419e-01       1.399625301956e+03 
       2.504180519032e-01       1.374357804074e+03 
       2.536273062038e-01       1.348792486022e+03 
       2.568365617930e-01       1.322410427742e+03 
       2.600458186229e-01       1.294925905360e+03 
       2.632550766478e-01       1.266271198007e+03 
       2.664643358244e-01       1.236568939597e+03 
       2.696735961112e-01       1.206100561829e+03 
       2.728828574688e-01       1.175271470455e+03 
       2.760921198597e-01       1.144568834766e+03 
       2.793013832481e-01       1.114508904416e+03 
       2.825106475997e-01       1.085576918237e+03 
       2.857199128820e-01       1.058169442958e+03 
       2.889291790637e-01       1.032551628899e+03 
       2.921384461151e-01       1.008838800438e+03 
       2.953477140077e-01       9.870041269283e+02 
       2.985569827141e-01       9.669058594791e+02 
       3.017662522083e-01       9.483229672399e+02 
       3.049755224653e-01       9.309884515334e+02 
       3.081847934611e-01       9.146146416904e+02 
       3.113940651727e-01       8.989109874199e+02 
       3.146033375782e-01       8.835991030947e+02 
       3.178126106564e-01       8.684296701604e+02 
       3.210218843871e-01       8.532022427602e+02 
       3.242311587507e-01       8.377841650984e+02 
       3.274404337287e-01       8.221222252090e+02 
       3.306497093029e-01       8.062417681652e+02 
       3.338589854561e-01       7.902324776159e+02 
       3.370682621717e-01       7.742250915909e+02 
       3.402775394338e-01       7.583664877412e+02 
       3.434868172269e-01       7.427996954103e+02 
       3.466960955362e-01       7.276520165316e+02 
       3.499053743474e-01       7.130298332043e+02 
       3.531146536469e-01       6.990162075785e+02 
       3.563239334213e-01       6.856675690457e+02 
       3.595332136579e-01       6.730084622339e+02 
       3.627424943443e-01       6.610264968523e+02 
       3.659517754687e-01       6.496711790947e+02 
       3.691610570196e-01       6.388594739686e+02 
       3.723703389859e-01       6.284881059848e+02 
       3.755796213569e-01       6.184494446418e+02 
       3.787889041223e-01       6.086461878193e+02 
       3.819981872722e-01       5.990007714004e+02 
       3.852074707968e-01       5.894580474943e+02 
       3.884167546868e-01       5.799828324372e+02 
       3.916260389333e-01       5.705557205949e+02 
       3.948353235274e-01       5.611702585920e+02 
       3.980446084608e-01       5.518325816125e+02 
       4.012538937253e-01       5.425622782799e+02 
       4.044631793129e-01       5.333919860896e+02 
       4.076724652160e-01       5.243638013307e+02 
       4.108817514273e-01       5.155224291616e+02 
       4.140910379394e-01       5.069070955589e+02 
       4.173003247454e-01       4.985451540722e+02 
       4.205096118386e-01       4.904496212343e+02 
       4.237188992124e-01       4.826209614371e+02 
       4.269281868604e-01       4.750514491713e+02 
       4.301374747766e-01       4.677294675653e+02 
       4.333467629549e-01       4.606416413507e+02 
       4.365560513895e-01       4.537723455985e+02 
       4.397653400748e-01       4.471018543251e+02 
       4.429746290053e-01       4.406052369961e+02 
       4.461839181758e-01       4.342536016498e+02 
       4.493932075810e-01       4.280178094997e+02 
       4.526024972159e-01       4.218732521305e+02 
       4.558117870757e-01       4.158035728060e+02 
       4.590210771556e-01       4.098017650681e+02 
       4.622303674511e-01       4.038683855349e+02 
       4.654396579576e-01       3.980082327862e+02 
       4.686489486709e-01       3.922272215260e+02 
       4.718582395866e-01       3.865309960160e+02 
       4.750675307007e-01       3.809254462813e+02 
       4.782768220092e-01       3.754181140638e+02 
       4.814861135081e-01       3.700189465881e+02 
       4.846954051936e-01       3.647393332705e+02 
       4.879046970622e-01       3.595894876440e+02 
       4.911139891101e-01       3.545753054207e+02 
       4.943232813338e-01       3.496962865548e+02 
       4.975325737300e-01       3.449455603873e+02 
       5.007418662954e-01       3.403119911914e+02 
       5.039511590266e-01       3.357832835036e+02 
       5.071604519205e-01       3.313485975363e+02 
       5.103697449741e-01       3.269996066335e+02 
       5.135790381843e-01       3.227299052144e+02 
       5.167883315483e-01       3.185336052041e+02 
       5.199976250631e-01       3.144043272265e+02 
       5.232069187259e-01       3.103354063367e+02 
       5.264162125341e-01       3.063212733780e+02 
       5.296255064851e-01       3.023591720748e+02 
       5.328348005761e-01       2.984501004892e+02 
       5.360440948048e-01       2.945983023240e+02 
       5.392533891686e-01       2.908094264867e+02 
       5.424626836651e-01       2.870882561451e+02 
       5.456719782920e-01       2.834371110731e+02 
       5.488812730469e-01       2.798556280062e+02 
       5.520905679278e-01       2.763418380063e+02 
       5.552998629322e-01       2.728937622829e+02 
       5.585091580582e-01       2.695105295638e+02 
       5.617184533036e-01       2.661923846391e+02 
       5.649277486665e-01       2.629396680695e+02 
       5.681370441447e-01       2.597514654056e+02 
       5.713463397363e-01       2.566248073584e+02 
       5.745556354395e-01       2.535549474147e+02 
       5.777649312524e-01       2.505365979845e+02 
       5.809742271731e-01       2.475654407902e+02 
       5.841835231999e-01       2.446390886253e+02 
       5.873928193310e-01       2.417570148602e+02 
       5.906021155647e-01       2.389195767379e+02 
       5.938114118994e-01       2.361267676816e+02 
       5.970207083334e-01       2.333774553259e+02 
       6.002300048651e-01       2.306695280902e+02 
       6.034393014930e-01       2.280008165048e+02 
       6.066485982155e-01       2.253701907319e+02 
       6.098578950311e-01       2.227781377177e+02 
       6.130671919384e-01       2.202264525564e+02 
       6.162764889360e-01       2.177171963853e+02 
       6.194857860223e-01       2.152515061474e+02 
       6.226950831961e-01       2.128289110932e+02 
       6.259043804561e-01       2.104475012580e+02 
       6.291136778007e-01       2.081048051820e+02 
       6.656498055875e-01       1.838525213552e+02 
       7.095280278522e-01       1.596161172228e+02 
       7.647491927638e-01       1.350383076067e+02 
       8.390661176846e-01       1.095894893217e+02 
       9.486454167256e-01       8.286520110241e+01 
       1.124890691655e+00       5.590616868073e+01 
       1.397161683545e+00       3.360007731651e+01 
       1.757780841401e+00       1.940760729515e+01 
