# Matter power spectrum P(k) at redshift z=0
# for k=1.04363e-05 to 1.74859 h/Mpc,
# number of wavenumbers equal to 569
#    1:k (h/Mpc)              2:P (Mpc/h)^3        
       1.043629910889e-05       5.265554989525e+01 
       2.326100990885e-05       1.138307603603e+02 
       3.613051381355e-05       1.738643539908e+02 
       4.907913516046e-05       2.334281970829e+02 
       6.214176184869e-05       2.929001989699e+02 
       7.535415372435e-05       3.525607668580e+02 
       8.875326075442e-05       4.126478159354e+02 
       1.023775551864e-04       4.733792313795e+02 
       1.162673819236e-04       5.349643167720e+02 
       1.304653313791e-04       5.976106705012e+02 
       1.450166390786e-04       6.615289131088e+02 
       1.599696162291e-04       7.269363274158e+02 
       1.753761153006e-04       7.940599314782e+02 
       1.912920343235e-04       8.631392610069e+02 
       2.077778629768e-04       9.344290166696e+02 
       2.248992725300e-04       1.008201664528e+03 
       2.427277501170e-04       1.084750035644e+03 
       2.613412754838e-04       1.164389939551e+03 
       2.808250349834e-04       1.247462777946e+03 
       3.012721628870e-04       1.334338116610e+03 
       3.227844936830e-04       1.425416139033e+03 
       3.454733005462e-04       1.521129866562e+03 
       3.694599842224e-04       1.621946980830e+03 
       3.948766629282e-04       1.728371028300e+03 
       4.218665974982e-04       1.840941719932e+03 
       4.505843673907e-04       1.960233971551e+03 
       4.811956934939e-04       2.086855257531e+03 
       5.138767852950e-04       2.221440797928e+03 
       5.488130766591e-04       2.364646067390e+03 
       5.861972116851e-04       2.517136141863e+03 
       6.262261568302e-04       2.679571497535e+03 
       6.690973553501e-04       2.852590094950e+03 
       7.150039115870e-04       3.036785902339e+03 
       7.641288981427e-04       3.232684489623e+03 
       8.166390132635e-04       3.440716870045e+03 
       8.726779628586e-04       3.661193339448e+03 
       9.323600741177e-04       3.894279544142e+03 
       9.957647307702e-04       4.139977251190e+03 
       1.062932220231e-03       4.398112174302e+03 
       1.133861480728e-03       4.668330672836e+03 
       1.208510037449e-03       4.950106208865e+03 
       1.286796154508e-03       5.242755255310e+03 
       1.368602958484e-03       5.545449263121e+03 
       1.453784067444e-03       5.857247614804e+03 
       1.542170129595e-03       6.177186357597e+03 
       1.633575653305e-03       6.504232607952e+03 
       1.727805582042e-03       6.837342495142e+03 
       1.824661201362e-03       7.175486192820e+03 
       1.923945122129e-03       7.517668132536e+03 
       2.025465232254e-03       7.862942291505e+03 
       2.129037627767e-03       8.210422812054e+03 
       2.234488615089e-03       8.559290368354e+03 
       2.341655921519e-03       8.908795160679e+03 
       2.450389267178e-03       9.258256909037e+03 
       2.560550447783e-03       9.607063065118e+03 
       2.672013061782e-03       9.954665591240e+03 
       2.784661994043e-03       1.030057700030e+04 
       2.898392745795e-03       1.064436597498e+04 
       3.013110679564e-03       1.098565248089e+04 
       3.128730229747e-03       1.132410345424e+04 
       3.245174114600e-03       1.165942789817e+04 
       3.362372573762e-03       1.199137286992e+04 
       3.480262646578e-03       1.231971928338e+04 
       3.598787499942e-03       1.264427853111e+04 
       3.717895809748e-03       1.296488897218e+04 
       3.837541196801e-03       1.328141312057e+04 
       3.957681715910e-03       1.359373465789e+04 
       4.078279395557e-03       1.390175638238e+04 
       4.199299824746e-03       1.420539797297e+04 
       4.320711783259e-03       1.450459361004e+04 
       4.442486911457e-03       1.479929144096e+04 
       4.564599415808e-03       1.508945069819e+04 
       4.687025806521e-03       1.537504132989e+04 
       4.809744663888e-03       1.565604275815e+04 
       4.932736430236e-03       1.593244232611e+04 
       5.055983224641e-03       1.620423438729e+04 
       5.179468677865e-03       1.647141996013e+04 
       5.303177785210e-03       1.673400416140e+04 
       5.427096775273e-03       1.699199873412e+04 
       5.551212992765e-03       1.724542090183e+04 
       5.675514793800e-03       1.749429050192e+04 
       5.799991452230e-03       1.773863094285e+04 
       5.924633075776e-03       1.797846870294e+04 
       6.049430530830e-03       1.821383277870e+04 
       6.174375374976e-03       1.844475457930e+04 
       6.299459796347e-03       1.867126749063e+04 
       6.424676559066e-03       1.889340688854e+04 
       6.550018954110e-03       1.911120945066e+04 
       6.675480754982e-03       1.932471325620e+04 
       6.801056177700e-03       1.953395753341e+04 
       6.926739844610e-03       1.973898236988e+04 
       7.052526751643e-03       1.993982867784e+04 
       7.178412238633e-03       2.013653834112e+04 
       7.304391962388e-03       2.032915340014e+04 
       7.430461872231e-03       2.051771625870e+04 
       7.556618187751e-03       2.070227036835e+04 
       7.682857378549e-03       2.088285861863e+04 
       7.809176145776e-03       2.105952449718e+04 
       7.935571405283e-03       2.123231175039e+04 
       8.062040272233e-03       2.140126362677e+04 
       8.188580047027e-03       2.156642391760e+04 
       8.315188202423e-03       2.172783606677e+04 
       8.441862371727e-03       2.188554388427e+04 
       8.568600337971e-03       2.203958965348e+04 
       8.695400023968e-03       2.219001784383e+04 
       8.822259483178e-03       2.233687058012e+04 
       8.949176891309e-03       2.248019095269e+04 
       9.076150538575e-03       2.262002119067e+04 
       9.203178822577e-03       2.275640367140e+04 
       9.330260241726e-03       2.288938045363e+04 
       9.457393389181e-03       2.301899298535e+04 
       9.584576947244e-03       2.314528277930e+04 
       9.711809682187e-03       2.326829028233e+04 
       9.839090439462e-03       2.338805649645e+04 
       9.966418139269e-03       2.350462148880e+04 
       1.009379177245e-02       2.361802529109e+04 
       1.022121039670e-02       2.372830710832e+04 
       1.034867313301e-02       2.383550629127e+04 
       1.047617916243e-02       2.393966143378e+04 
       1.060372772302e-02       2.404081117435e+04 
       1.073131810701e-02       2.413899306824e+04 
       1.085894965823e-02       2.423424530774e+04 
       1.098662176962e-02       2.432660461372e+04 
       1.111433388102e-02       2.441610774784e+04 
       1.124208547700e-02       2.450279299204e+04 
       1.136987608500e-02       2.458669251345e+04 
       1.149770527341e-02       2.466784570749e+04 
       1.162557264995e-02       2.474628684346e+04 
       1.175347786005e-02       2.482205083488e+04 
       1.188142058542e-02       2.489517227010e+04 
       1.200940054267e-02       2.496568556835e+04 
       1.213741748201e-02       2.503362498104e+04 
       1.226547118616e-02       2.509902303999e+04 
       1.239356146915e-02       2.516191409412e+04 
       1.252168817538e-02       2.522233003993e+04 
       1.264985117864e-02       2.528030388287e+04 
       1.277805038126e-02       2.533586794181e+04 
       1.290628571325e-02       2.538905133874e+04 
       1.303455713160e-02       2.543988884017e+04 
       1.316286461956e-02       2.548841037863e+04 
       1.329120818600e-02       2.553464675102e+04 
       1.341958786482e-02       2.557862867699e+04 
       1.354800371441e-02       2.562038660199e+04 
       1.367645581715e-02       2.565995015710e+04 
       1.380494427893e-02       2.569734804162e+04 
       1.393346922878e-02       2.573261002014e+04 
       1.406203081844e-02       2.576576534207e+04 
       1.419062922206e-02       2.579684235276e+04 
       1.431926463585e-02       2.582586936691e+04 
       1.444793727785e-02       2.585287431120e+04 
       1.457664738764e-02       2.587788508304e+04 
       1.470539522617e-02       2.590092912006e+04 
       1.483418107551e-02       2.592203373819e+04 
       1.496300523877e-02       2.594122577596e+04 
       1.509186803992e-02       2.595853184190e+04 
       1.522076982368e-02       2.597397831540e+04 
       1.534971095543e-02       2.598759128968e+04 
       1.547869182121e-02       2.599939664169e+04 
       1.560771282761e-02       2.600942003799e+04 
       1.573677440177e-02       2.601768673228e+04 
       1.586587699142e-02       2.602422183314e+04 
       1.599502106489e-02       2.602905016270e+04 
       1.612420711111e-02       2.603219635697e+04 
       1.625343563977e-02       2.603368476190e+04 
       1.638270718130e-02       2.603353952380e+04 
       1.651202228704e-02       2.603178451628e+04 
       1.664138152937e-02       2.602844343570e+04 
       1.677078550177e-02       2.602353975179e+04 
       1.690023481908e-02       2.601709671926e+04 
       1.702973011759e-02       2.600913733138e+04 
       1.715927205528e-02       2.599968439830e+04 
       1.728886131203e-02       2.598876053979e+04 
       1.741849858980e-02       2.597638809002e+04 
       1.754818461292e-02       2.596258929242e+04 
       1.767792012833e-02       2.594738599390e+04 
       1.780770590585e-02       2.593079993922e+04 
       1.793754273848e-02       2.591285262777e+04 
       1.806743144272e-02       2.589356541472e+04 
       1.819737285888e-02       2.587295946688e+04 
       1.832736785141e-02       2.585105553830e+04 
       1.845741730928e-02       2.582787405576e+04 
       1.858752214636e-02       2.580343538220e+04 
       1.871768330179e-02       2.577775977602e+04 
       1.884790174040e-02       2.575086745595e+04 
       1.897817845316e-02       2.572277853473e+04 
       1.910851445756e-02       2.569351291690e+04 
       1.923891079817e-02       2.566309008252e+04 
       1.936936854701e-02       2.563152934158e+04 
       1.949988880414e-02       2.559884985959e+04 
       1.963047269813e-02       2.556507067752e+04 
       1.976112138659e-02       2.553021060501e+04 
       1.989183605676e-02       2.549428826565e+04 
       2.002261792606e-02       2.545732209033e+04 
       2.015346824267e-02       2.541933037161e+04 
       2.028438828618e-02       2.538033120988e+04 
       2.041537936821e-02       2.534034250949e+04 
       2.054644283305e-02       2.529938203656e+04 
       2.067758005835e-02       2.525746734962e+04 
       2.080879245585e-02       2.521461585303e+04 
       2.094008147204e-02       2.517084476005e+04 
       2.107144858896e-02       2.512617114564e+04 
       2.120289532495e-02       2.508061187940e+04 
       2.133442323545e-02       2.503418368585e+04 
       2.146603391381e-02       2.498690312786e+04 
       2.159772899215e-02       2.493878657420e+04 
       2.172951014223e-02       2.488985024654e+04 
       2.186137907633e-02       2.484011019064e+04 
       2.199333754821e-02       2.478958228753e+04 
       2.212538735405e-02       2.473828226740e+04 
       2.225753033344e-02       2.468622566423e+04 
       2.238976837041e-02       2.463342788010e+04 
       2.252210339446e-02       2.457990414359e+04 
       2.265453738164e-02       2.452566951899e+04 
       2.278707235572e-02       2.447073888892e+04 
       2.291971038926e-02       2.441512701668e+04 
       2.305245360486e-02       2.435884848163e+04 
       2.318530417639e-02       2.430191769616e+04 
       2.331826433019e-02       2.424434891702e+04 
       2.345133634644e-02       2.418615625614e+04 
       2.358452256050e-02       2.412735366037e+04 
       2.371782536423e-02       2.406795491808e+04 
       2.385124720753e-02       2.400797365716e+04 
       2.398479059973e-02       2.394742333646e+04 
       2.411845811114e-02       2.388631728251e+04 
       2.425225237466e-02       2.382466864592e+04 
       2.438617608735e-02       2.376249043510e+04 
       2.452023201217e-02       2.369979549532e+04 
       2.465442297965e-02       2.363659651546e+04 
       2.478875188971e-02       2.357290602530e+04 
       2.492322171354e-02       2.350873641059e+04 
       2.505783549545e-02       2.344409989058e+04 
       2.519259635489e-02       2.337900853324e+04 
       2.532750748845e-02       2.331347425323e+04 
       2.546257217202e-02       2.324750880431e+04 
       2.559779376292e-02       2.318112381415e+04 
       2.573317570217e-02       2.311433074689e+04 
       2.586872151684e-02       2.304714089095e+04 
       2.600443482243e-02       2.297956536490e+04 
       2.614031932538e-02       2.291161519024e+04 
       2.627637882564e-02       2.284330121162e+04 
       2.641261721935e-02       2.277463411219e+04 
       2.654903850160e-02       2.270562444134e+04 
       2.668564676930e-02       2.263628258119e+04 
       2.682244622413e-02       2.256661875626e+04 
       2.695944117562e-02       2.249664307221e+04 
       2.709663604433e-02       2.242636544473e+04 
       2.723403536514e-02       2.235579565421e+04 
       2.737164379068e-02       2.228494333761e+04 
       2.750946609487e-02       2.221381796466e+04 
       2.764750717660e-02       2.214242887467e+04 
       2.778577206353e-02       2.207078523733e+04 
       2.792426591605e-02       2.199889607928e+04 
       2.806299403142e-02       2.192677026976e+04 
       2.820196184798e-02       2.185441654685e+04 
       2.834117494961e-02       2.178184346616e+04 
       2.848063907035e-02       2.170905944160e+04 
       2.862036009913e-02       2.163607276379e+04 
       2.876034408479e-02       2.156289155558e+04 
       2.890059724121e-02       2.148952377332e+04 
       2.904112595271e-02       2.141597724771e+04 
       2.918193677961e-02       2.134225963987e+04 
       2.932303646409e-02       2.126837848244e+04 
       2.946443193622e-02       2.119434111463e+04 
       2.960613032027e-02       2.112015477399e+04 
       2.974813894126e-02       2.104582651102e+04 
       2.989046533188e-02       2.097136326257e+04 
       3.003311723953e-02       2.089677177571e+04 
       3.017610263383e-02       2.082205867203e+04 
       3.031942971437e-02       2.074723040754e+04 
       3.046310691880e-02       2.067229330141e+04 
       3.060714293129e-02       2.059725350521e+04 
       3.075154669138e-02       2.052211701143e+04 
       3.089632740317e-02       2.044688969259e+04 
       3.104149454501e-02       2.037157724142e+04 
       3.118705787955e-02       2.029618520539e+04 
       3.133302746428e-02       2.022071897763e+04 
       3.147941366259e-02       2.014518379126e+04 
       3.162622715531e-02       2.006958473102e+04 
       3.177347895278e-02       1.999392673879e+04 
       3.192118040756e-02       1.991821454379e+04 
       3.206934322768e-02       1.984245279750e+04 
       3.221797949058e-02       1.976664594984e+04 
       3.236710165773e-02       1.969079830142e+04 
       3.251672258992e-02       1.961491398131e+04 
       3.266685556342e-02       1.953899697302e+04 
       3.281751428686e-02       1.946305109118e+04 
       3.296871291900e-02       1.938707999205e+04 
       3.312046608743e-02       1.931108716733e+04 
       3.327278890828e-02       1.923507593478e+04 
       3.342569700684e-02       1.915904947024e+04 
       3.357920653945e-02       1.908301075665e+04 
       3.373333421641e-02       1.900696262031e+04 
       3.388809732626e-02       1.893090770567e+04 
       3.404351376130e-02       1.885484851651e+04 
       3.419960204457e-02       1.877878733386e+04 
       3.435638135836e-02       1.870272629444e+04 
       3.451387157429e-02       1.862666736375e+04 
       3.467209328517e-02       1.855061230235e+04 
       3.483106783865e-02       1.847456270355e+04 
       3.499081737293e-02       1.839851997534e+04 
       3.515136485449e-02       1.832248528497e+04 
       3.531273411818e-02       1.824645970661e+04 
       3.547494990968e-02       1.817044403526e+04 
       3.563803793060e-02       1.809443889605e+04 
       3.580202488641e-02       1.801844472812e+04 
       3.596693853738e-02       1.794246173592e+04 
       3.613280775271e-02       1.786648991359e+04 
       3.629966256827e-02       1.779052906264e+04 
       3.646753424804e-02       1.771457873481e+04 
       3.663645534966e-02       1.763863827073e+04 
       3.680645979433e-02       1.756270676992e+04 
       3.697758294156e-02       1.748678311637e+04 
       3.714986166896e-02       1.741086592033e+04 
       3.732333445772e-02       1.733495356232e+04 
       3.749804148406e-02       1.725904414986e+04 
       3.767402471725e-02       1.718313552719e+04 
       3.785132802487e-02       1.710722525524e+04 
       3.802999728568e-02       1.703131062292e+04 
       3.821008051106e-02       1.695538862051e+04 
       3.839162797569e-02       1.687945592541e+04 
       3.857469235817e-02       1.680350890313e+04 
       3.875932889286e-02       1.672754356129e+04 
       3.894559553354e-02       1.665155561857e+04 
       3.913355313049e-02       1.657554038618e+04 
       3.932326562193e-02       1.649949280997e+04 
       3.951480024144e-02       1.642340744497e+04 
       3.970822774295e-02       1.634727843072e+04 
       3.990362264502e-02       1.627109949674e+04 
       4.010106349643e-02       1.619486388726e+04 
       4.030063316543e-02       1.611856438126e+04 
       4.050241915508e-02       1.604219325629e+04 
       4.070651394751e-02       1.596574225551e+04 
       4.091301538046e-02       1.588920255945e+04 
       4.112202705954e-02       1.581256474102e+04 
       4.133365881054e-02       1.573581875697e+04 
       4.154802717628e-02       1.565895387380e+04 
       4.176525596342e-02       1.558195865428e+04 
       4.198547684525e-02       1.550482088122e+04 
       4.220883002749e-02       1.542752751993e+04 
       4.243546498486e-02       1.535006465349e+04 
       4.266554127768e-02       1.527241743211e+04 
       4.289922945895e-02       1.519456996357e+04 
       4.313671208399e-02       1.511650525227e+04 
       4.337818483670e-02       1.503820514216e+04 
       4.362385778863e-02       1.495965016637e+04 
       4.387395680990e-02       1.488081944626e+04 
       4.412872515386e-02       1.480169058047e+04 
       4.438842524164e-02       1.472223949518e+04 
       4.465334067660e-02       1.464244027693e+04 
       4.492377852480e-02       1.456226500033e+04 
       4.520007190363e-02       1.448168352243e+04 
       4.548258292882e-02       1.440066323868e+04 
       4.577170607962e-02       1.431916881312e+04 
       4.606787205374e-02       1.423716188904e+04 
       4.637155219753e-02       1.415460068872e+04 
       4.668326361492e-02       1.407143966964e+04 
       4.700357507994e-02       1.398762896468e+04 
       4.733311390446e-02       1.390311386083e+04 
       4.767257394625e-02       1.381783414271e+04 
       4.802272498399e-02       1.373172327000e+04 
       4.838442373791e-02       1.364470748118e+04 
       4.875862688071e-02       1.355670467483e+04 
       4.914640646609e-02       1.346762299738e+04 
       4.954896830763e-02       1.337735927908e+04 
       4.996767397453e-02       1.328579699720e+04 
       5.040406724093e-02       1.319280378633e+04 
       5.085990604317e-02       1.309822841875e+04 
       5.133720127553e-02       1.300189686112e+04 
       5.183826410660e-02       1.290360746154e+04 
       5.236576394005e-02       1.280312467713e+04 
       5.292279969243e-02       1.270017102652e+04 
       5.351298772414e-02       1.259441656636e+04 
       5.414057052611e-02       1.248546507526e+04 
       5.481055107208e-02       1.237283564476e+04 
       5.552885842592e-02       1.225593794348e+04 
       5.630255035723e-02       1.213403874391e+04 
       5.714005754396e-02       1.200621627743e+04 
       5.805146978915e-02       1.187129807934e+04 
       5.904885443977e-02       1.172777653419e+04 
       6.014657535277e-02       1.157369638675e+04 
       6.136153848161e-02       1.140644358918e+04 
       6.271321605876e-02       1.122271565275e+04 
       6.422318860790e-02       1.101823767389e+04 
       6.591381419792e-02       1.078769953993e+04 
       6.780558855224e-02       1.052516512191e+04 
       6.991303166193e-02       1.022466487755e+04 
       7.223980203302e-02       9.880828830789e+03 
       7.477504107375e-02       9.490740810653e+03 
       7.749350570078e-02       9.057843105596e+03 
       8.036040111669e-02       8.593098308629e+03 
       8.333872730055e-02       8.110847404849e+03 
       8.639551847129e-02       7.627207770045e+03 
       8.950491075135e-02       7.160057050237e+03 
       9.264835109362e-02       6.724431320824e+03 
       9.581331602242e-02       6.330096527919e+03 
       9.899168252815e-02       5.982988993115e+03 
       1.021783142256e-01       5.685345393748e+03 
       1.053700145473e-01       5.435160784663e+03 
       1.085648135668e-01       5.227046062890e+03 
       1.117615044957e-01       5.053732499826e+03 
       1.149593506501e-01       4.906519473898e+03 
       1.181579032117e-01       4.776197609822e+03 
       1.213568890017e-01       4.654520582360e+03 
       1.245561417799e-01       4.533980696997e+03 
       1.277555603375e-01       4.408279640867e+03 
       1.309550829890e-01       4.273789653603e+03 
       1.341546720648e-01       4.129218958176e+03 
       1.373543044909e-01       3.975031422035e+03 
       1.405539660685e-01       3.813471208053e+03 
       1.437536480002e-01       3.648159379728e+03 
       1.469533447806e-01       3.483439376314e+03 
       1.501530529154e-01       3.323556618439e+03 
       1.533527701423e-01       3.172322766950e+03 
       1.565524949579e-01       3.032988085854e+03 
       1.597522263293e-01       2.907633617218e+03 
       1.629519635180e-01       2.797050249195e+03 
       1.661517059727e-01       2.701044045108e+03 
       1.693514532630e-01       2.618556095330e+03 
       1.725512050388e-01       2.547799535154e+03 
       1.757509610052e-01       2.486373753169e+03 
       1.789507209064e-01       2.431568620147e+03 
       1.821504845154e-01       2.380720178093e+03 
       1.853502516279e-01       2.331341909400e+03 
       1.885500220575e-01       2.281365803842e+03 
       1.917497956327e-01       2.229267254549e+03 
       1.949495721951e-01       2.174070299140e+03 
       1.981493515972e-01       2.115511721612e+03 
       2.013491337017e-01       2.053965668530e+03 
       2.045489183802e-01       1.990229584675e+03 
       2.077487055127e-01       1.925455386279e+03 
       2.109484949863e-01       1.861014252390e+03 
       2.141482866953e-01       1.798259766471e+03 
       2.173480805401e-01       1.738335944185e+03 
       2.205478764271e-01       1.682185430057e+03 
       2.237476742679e-01       1.630526019072e+03 
       2.269474739794e-01       1.583655840837e+03 
       2.301472754830e-01       1.541504374634e+03 
       2.333470787044e-01       1.503776581212e+03 
       2.365468835734e-01       1.469923759983e+03 
       2.397466900237e-01       1.439218873780e+03 
       2.429464979924e-01       1.410856347860e+03 
       2.461463074198e-01       1.383990681811e+03 
       2.493461182495e-01       1.357840973903e+03 
       2.525459304278e-01       1.331754618219e+03 
       2.557457439038e-01       1.305237736298e+03 
       2.589455586290e-01       1.277987041485e+03 
       2.621453745575e-01       1.249891996517e+03 
       2.653451916454e-01       1.221030641316e+03 
       2.685450098511e-01       1.191618788633e+03 
       2.717448291349e-01       1.161974944805e+03 
       2.749446494589e-01       1.132503271600e+03 
       2.781444707869e-01       1.103616877548e+03 
       2.813442930846e-01       1.075686522591e+03 
       2.845441163191e-01       1.049017139534e+03 
       2.877439404588e-01       1.023833683391e+03 
       2.909437654738e-01       1.000280085641e+03 
       2.941435913355e-01       9.783787076982e+02 
       2.973434180161e-01       9.580443786517e+02 
       3.005432454896e-01       9.391358405012e+02 
       3.037430737307e-01       9.214436101668e+02 
       3.069429027153e-01       9.047140520741e+02 
       3.101427324202e-01       8.886947370624e+02 
       3.133425628232e-01       8.731393340876e+02 
       3.165423939032e-01       8.578289722093e+02 
       3.197422256396e-01       8.425905784058e+02 
       3.229420580129e-01       8.273056888989e+02 
       3.261418910041e-01       8.119169542405e+02 
       3.293417245953e-01       7.964204252434e+02 
       3.325415587690e-01       7.808629837371e+02 
       3.357413935085e-01       7.653245765188e+02 
       3.389412287977e-01       7.499074178007e+02 
       3.421410646210e-01       7.347377607091e+02 
       3.453409009636e-01       7.199337071706e+02 
       3.485407378111e-01       7.055910556371e+02 
       3.517405751497e-01       6.917901890994e+02 
       3.549404129660e-01       6.785825359633e+02 
       3.581402512472e-01       6.659889199504e+02 
       3.613400899808e-01       6.539999275546e+02 
       3.645399291549e-01       6.425780766778e+02 
       3.677397687579e-01       6.316695560162e+02 
       3.709396087788e-01       6.212017103981e+02 
       3.741394492066e-01       6.110932786344e+02 
       3.773392900311e-01       6.012682194976e+02 
       3.805391312422e-01       5.916534203256e+02 
       3.837389728301e-01       5.821867554608e+02 
       3.869388147855e-01       5.728207636224e+02 
       3.901386570993e-01       5.635238510198e+02 
       3.933384997628e-01       5.542855289902e+02 
       3.965383427673e-01       5.451088783980e+02 
       3.997381861048e-01       5.360093406607e+02 
       4.029380297672e-01       5.270129187425e+02 
       4.061378737468e-01       5.181491733270e+02 
       4.093377180362e-01       5.094530440710e+02 
       4.125375626281e-01       5.009562610436e+02 
       4.157374075155e-01       4.926826022320e+02 
       4.189372526916e-01       4.846526795735e+02 
       4.221370981498e-01       4.768769900677e+02 
       4.253369438838e-01       4.693558497310e+02 
       4.285367898873e-01       4.620830548243e+02 
       4.317366361543e-01       4.550443316519e+02 
       4.349364826790e-01       4.482205303784e+02 
       4.381363294557e-01       4.415872380573e+02 
       4.413361764789e-01       4.351185789276e+02 
       4.445360237433e-01       4.287919766231e+02 
       4.477358712437e-01       4.225848876805e+02 
       4.509357189750e-01       4.164788182206e+02 
       4.541355669324e-01       4.104605825388e+02 
       4.573354151110e-01       4.045202455917e+02 
       4.605352635063e-01       3.986548860311e+02 
       4.637351121137e-01       3.928652551965e+02 
       4.669349609289e-01       3.871546030352e+02 
       4.701348099476e-01       3.815303837991e+02 
       4.733346591657e-01       3.760001497670e+02 
       4.765345085791e-01       3.705723565711e+02 
       4.797343581840e-01       3.652550542304e+02 
       4.829342079765e-01       3.600535890817e+02 
       4.861340579528e-01       3.549727139161e+02 
       4.893339081095e-01       3.500135680882e+02 
       4.925337584428e-01       3.451742676358e+02 
       4.957336089495e-01       3.404522038605e+02 
       4.989334596262e-01       3.358417242517e+02 
       5.021333104696e-01       3.313360455883e+02 
       5.053331614764e-01       3.269273960661e+02 
       5.085330126438e-01       3.226071607099e+02 
       5.117328639685e-01       3.183683552840e+02 
       5.149327154477e-01       3.142036412680e+02 
       5.181325670785e-01       3.101068282253e+02 
       5.213324188581e-01       3.060739840266e+02 
       5.245322707838e-01       3.021013417166e+02 
       5.277321228529e-01       2.981874544894e+02 
       5.309319750628e-01       2.943321220166e+02 
       5.341318274110e-01       2.905353424087e+02 
       5.373316798949e-01       2.867989004977e+02 
       5.405315325122e-01       2.831241367687e+02 
       5.437313852605e-01       2.795124464644e+02 
       5.469312381375e-01       2.759656550056e+02 
       5.501310911410e-01       2.724843826144e+02 
       5.533309442687e-01       2.690693403811e+02 
       5.565307975185e-01       2.657201575193e+02 
       5.597306508884e-01       2.624354108725e+02 
       5.629305043761e-01       2.592140493092e+02 
       5.661303579798e-01       2.560536469986e+02 
       5.693302116975e-01       2.529515601837e+02 
       5.725300655273e-01       2.499053306294e+02 
       5.757299194672e-01       2.469117168949e+02 
       5.789297735155e-01       2.439683031753e+02 
       5.821296276704e-01       2.410725831390e+02 
       5.853294819301e-01       2.382221509063e+02 
       5.885293362929e-01       2.354156866352e+02 
       5.917291907571e-01       2.326515087621e+02 
       5.949290453211e-01       2.299286742253e+02 
       5.981288999832e-01       2.272468364340e+02 
       6.013287547420e-01       2.246053298822e+02 
       6.045286095958e-01       2.220043553348e+02 
       6.077284645432e-01       2.194438259607e+02 
       6.109283195827e-01       2.169235314139e+02 
       6.141281747129e-01       2.144437952182e+02 
       6.173280299322e-01       2.120042226606e+02 
       6.205278852395e-01       2.096045908178e+02 
       6.237277406332e-01       2.072445301990e+02 
       6.269275961120e-01       2.049230717406e+02 
       6.632964431550e-01       1.809549553495e+02 
       7.069567932143e-01       1.570071239257e+02 
       7.618732579065e-01       1.327341165589e+02 
       8.357216473896e-01       1.076068449461e+02 
       9.445014189916e-01       8.122991275101e+01 
       1.119370615696e+00       5.460920103295e+01 
       1.389888940035e+00       3.254881669187e+01 
       1.748586821049e+00       1.852562436915e+01 
