# Matter power spectrum P(k) at redshift z=0
# for k=1.04019e-05 to 1.4771 h/Mpc,
# number of wavenumbers equal to 614
#    1:k (h/Mpc)              2:P (Mpc/h)^3        
       1.040186328625e-05       4.917419491051e+01 
       2.325721418777e-05       1.070908743700e+02 
       3.615752168169e-05       1.641038995840e+02 
       4.913735678840e-05       2.207824822713e+02 
       6.223185944633e-05       2.774569453407e+02 
       7.547705060541e-05       3.343788047556e+02 
       8.891015425351e-05       3.917657318234e+02 
       1.025699336436e-04       4.498200497802e+02 
       1.164970460218e-04       5.087382825271e+02 
       1.307344201910e-04       5.687169971715e+02 
       1.453276612495e-04       6.299569139806e+02 
       1.603254867896e-04       6.926661502075e+02 
       1.757801986664e-04       7.570630234349e+02 
       1.917481940888e-04       8.233786416047e+02 
       2.082905191423e-04       8.918594076599e+02 
       2.254734668057e-04       9.627695112683e+02 
       2.433692198976e-04       1.036393444234e+03 
       2.620565369801e-04       1.113038548598e+03 
       2.816214757800e-04       1.193037581110e+03 
       3.021581438476e-04       1.276854561775e+03 
       3.237694595885e-04       1.364041214753e+03 
       3.465678980703e-04       1.456295722787e+03 
       3.706761847645e-04       1.553527955207e+03 
       3.962278863651e-04       1.656307533505e+03 
       4.233678310426e-04       1.765105894224e+03 
       4.522522714438e-04       1.880274997034e+03 
       4.830486837131e-04       2.002874203768e+03 
       5.159350772500e-04       2.132837127104e+03 
       5.510986767727e-04       2.272005000146e+03 
       5.887338362176e-04       2.419113327093e+03 
       6.290390602650e-04       2.576447536458e+03 
       6.722130516417e-04       2.744071797166e+03 
       7.184497772942e-04       2.922686782338e+03 
       7.679326561222e-04       3.112724439751e+03 
       8.208281092299e-04       3.314623457982e+03 
       8.772788634419e-04       3.528800923529e+03 
       9.373975314502e-04       3.754942282470e+03 
       1.001261071435e-03       3.993634668010e+03 
       1.068906721764e-03       4.244251321986e+03 
       1.140329894105e-03       4.506653946482e+03 
       1.215484298797e-03       4.780423785484e+03 
       1.294284306263e-03       5.064813575463e+03 
       1.376609274241e-03       5.358906704292e+03 
       1.462309351443e-03       5.661927316043e+03 
       1.477104874446e-03       5.713923607821e+03 
       1.551212145611e-03       5.972888376837e+03 
       1.643129630800e-03       6.290814649827e+03 
       1.737864749339e-03       6.614600578613e+03 
       1.835217303892e-03       6.943340780748e+03 
       1.934988895435e-03       7.276036759340e+03 
       2.036986811497e-03       7.611800850136e+03 
       2.141026886006e-03       7.949777849447e+03 
       2.246935430624e-03       8.289185785389e+03 
       2.354550379877e-03       8.629289225016e+03 
       2.463721806225e-03       8.969499194838e+03 
       2.574311955559e-03       9.309056891034e+03 
       2.686194936511e-03       9.647582343878e+03 
       2.799256174922e-03       9.984593996450e+03 
       2.913391721945e-03       1.031966799308e+04 
       3.028507483253e-03       1.065245392997e+04 
       3.144518418733e-03       1.098260144681e+04 
       3.261347747368e-03       1.130985723712e+04 
       3.378926180503e-03       1.163396760952e+04 
       3.497191198002e-03       1.195470187753e+04 
       3.616086375429e-03       1.227191448427e+04 
       3.735560765886e-03       1.258544669337e+04 
       3.855568337008e-03       1.289515452554e+04 
       3.976067461585e-03       1.320092684715e+04 
       4.097020459018e-03       1.350268352154e+04 
       4.218393184068e-03       1.380031020777e+04 
       4.340154659052e-03       1.409377254830e+04 
       4.462276745537e-03       1.438301362628e+04 
       4.584733851697e-03       1.466799713076e+04 
       4.707502671664e-03       1.494868771802e+04 
       4.830561953479e-03       1.522506916977e+04 
       4.953892292532e-03       1.549711567796e+04 
       5.077475947635e-03       1.576482537534e+04 
       5.201296677212e-03       1.602819496138e+04 
       5.325339593287e-03       1.628722321930e+04 
       5.449591031267e-03       1.654194150840e+04 
       5.574038433696e-03       1.679366654596e+04 
       5.698670246387e-03       1.704119599849e+04 
       5.823475825518e-03       1.728324422994e+04 
       5.948445354443e-03       1.752108513012e+04 
       6.073569769126e-03       1.775469974273e+04 
       6.198840691207e-03       1.798411431170e+04 
       6.324250367868e-03       1.820654502515e+04 
       6.449791617727e-03       1.842761583554e+04 
       6.575457782108e-03       1.864440051507e+04 
       6.701242681085e-03       1.885732660612e+04 
       6.827140573800e-03       1.906491207378e+04 
       6.953146122582e-03       1.926978390978e+04 
       7.079254360468e-03       1.947068546548e+04 
       7.205460661776e-03       1.966765248806e+04 
       7.331760715390e-03       1.986103764253e+04 
       7.458150500509e-03       2.004923919825e+04 
       7.584626264578e-03       2.023459960524e+04 
       7.711184503198e-03       2.041617281342e+04 
       7.837821941821e-03       2.059390871803e+04 
       7.964535519029e-03       2.076801769936e+04 
       8.091322371278e-03       2.093588130366e+04 
       8.218179818935e-03       2.110263397445e+04 
       8.345105353500e-03       2.126578910455e+04 
       8.472096625891e-03       2.142530445029e+04 
       8.599151435712e-03       2.158137074360e+04 
       8.726267721385e-03       2.173395216572e+04 
       8.853443551088e-03       2.188308629736e+04 
       8.980677114422e-03       2.202880981348e+04 
       9.107966714735e-03       2.217115999553e+04 
       9.235310762051e-03       2.231017294372e+04 
       9.362707766552e-03       2.244433952304e+04 
       9.490156332556e-03       2.257500057206e+04 
       9.617655152965e-03       2.270340419282e+04 
       9.745203004122e-03       2.282968465406e+04 
       9.872798741066e-03       2.295280069439e+04 
       1.000044129313e-02       2.307279077693e+04 
       1.012812965987e-02       2.318971907907e+04 
       1.025586290730e-02       2.330354884808e+04 
       1.038364016436e-02       2.341083874072e+04 
       1.051146061974e-02       2.351873567618e+04 
       1.063932351877e-02       2.362264323758e+04 
       1.076722816072e-02       2.372424651330e+04 
       1.089517389612e-02       2.382338057259e+04 
       1.102316012441e-02       2.392038238417e+04 
       1.115118629166e-02       2.401094998853e+04 
       1.127925188848e-02       2.410140351182e+04 
       1.140735644809e-02       2.418909446498e+04 
       1.153549954454e-02       2.427423163913e+04 
       1.166368079096e-02       2.435667450539e+04 
       1.179189983808e-02       2.443330244541e+04 
       1.192015637272e-02       2.451032130411e+04 
       1.204845011646e-02       2.458368528931e+04 
       1.217678082440e-02       2.465566136871e+04 
       1.230514828394e-02       2.472533582687e+04 
       1.243355231375e-02       2.479148405867e+04 
       1.256199276272e-02       2.485410630593e+04 
       1.269046950905e-02       2.491609803022e+04 
       1.281898245939e-02       2.497567446481e+04 
       1.294753154799e-02       2.503286354545e+04 
       1.307611673600e-02       2.508531369912e+04 
       1.320473801076e-02       2.513766982575e+04 
       1.333339538517e-02       2.518772070497e+04 
       1.346208889711e-02       2.523549359153e+04 
       1.359081860888e-02       2.528098475517e+04 
       1.371958460674e-02       2.532428254025e+04 
       1.384838700043e-02       2.536271402290e+04 
       1.397722592275e-02       2.540112416850e+04 
       1.410610152923e-02       2.543738314413e+04 
       1.423501399776e-02       2.547241147417e+04 
       1.436396352826e-02       2.550535384309e+04 
       1.449295034248e-02       2.553384538095e+04 
       1.462197468368e-02       2.556321455466e+04 
       1.475103681647e-02       2.558998280477e+04 
       1.477104874446e-02       2.559162086960e+04 
       1.488013702663e-02       2.561256284484e+04 
       1.500927562092e-02       2.563414925161e+04 
       1.513845292695e-02       2.565414591194e+04 
       1.526766929314e-02       2.567305755253e+04 
       1.539692508854e-02       2.569013475051e+04 
       1.552622070287e-02       2.570317506989e+04 
       1.565555654642e-02       2.571576435260e+04 
       1.578493305006e-02       2.572717445739e+04 
       1.591435066525e-02       2.573679604790e+04 
       1.604380986406e-02       2.574465170704e+04 
       1.617331113924e-02       2.574857886770e+04 
       1.630285500426e-02       2.575220347529e+04 
       1.643244199341e-02       2.575506822750e+04 
       1.656207266190e-02       2.575562459572e+04 
       1.669174758601e-02       2.575386001808e+04 
       1.682146736320e-02       2.575222993595e+04 
       1.695123261228e-02       2.574686027803e+04 
       1.708104397359e-02       2.574139495534e+04 
       1.721090210919e-02       2.573437805326e+04 
       1.734080770309e-02       2.572389908935e+04 
       1.747076146144e-02       2.571313392029e+04 
       1.760076411282e-02       2.570169839918e+04 
       1.773081640845e-02       2.568718946884e+04 
       1.786091912253e-02       2.567225519582e+04 
       1.799107305249e-02       2.565644746307e+04 
       1.812127901930e-02       2.563868107784e+04 
       1.825153786782e-02       2.561891315543e+04 
       1.838185046715e-02       2.559881041310e+04 
       1.851221771096e-02       2.557657809870e+04 
       1.864264051789e-02       2.555348828171e+04 
       1.877311983194e-02       2.552857586532e+04 
       1.890365662290e-02       2.550338938748e+04 
       1.903425188675e-02       2.547534315272e+04 
       1.916490664611e-02       2.544692902787e+04 
       1.929562195074e-02       2.541773033827e+04 
       1.942639887797e-02       2.538659501701e+04 
       1.955723853327e-02       2.535525610687e+04 
       1.968814205069e-02       2.532183431259e+04 
       1.981911059347e-02       2.528680741845e+04 
       1.995014535453e-02       2.525136671249e+04 
       2.008124755713e-02       2.521519042053e+04 
       2.021241845539e-02       2.517730970073e+04 
       2.034365933495e-02       2.513869051396e+04 
       2.047497151360e-02       2.509950945798e+04 
       2.060635634192e-02       2.505801526138e+04 
       2.073781520401e-02       2.501677563593e+04 
       2.086934951814e-02       2.497366709321e+04 
       2.100096073751e-02       2.492918952852e+04 
       2.113265035100e-02       2.488457634722e+04 
       2.126441988392e-02       2.483866471905e+04 
       2.139627089885e-02       2.479253828738e+04 
       2.152820499640e-02       2.474544247840e+04 
       2.166022381613e-02       2.469620261254e+04 
       2.179232903740e-02       2.464673625802e+04 
       2.192452238026e-02       2.459636902927e+04 
       2.205680560640e-02       2.454615256770e+04 
       2.218918052012e-02       2.449391876128e+04 
       2.232164896929e-02       2.444168262285e+04 
       2.245421284641e-02       2.438783139373e+04 
       2.258687408966e-02       2.433294251756e+04 
       2.271963468396e-02       2.427793649637e+04 
       2.285249666213e-02       2.422265717623e+04 
       2.298546210602e-02       2.416561400057e+04 
       2.311853314773e-02       2.410883025597e+04 
       2.325171197083e-02       2.405059709312e+04 
       2.338500081160e-02       2.399236281885e+04 
       2.351840196040e-02       2.393243681945e+04 
       2.365191776298e-02       2.387346676704e+04 
       2.378555062190e-02       2.381275980011e+04 
       2.391930299794e-02       2.375074780588e+04 
       2.405317741162e-02       2.368882506986e+04 
       2.418717644471e-02       2.362704379676e+04 
       2.432130274182e-02       2.356345166791e+04 
       2.445555901204e-02       2.350037672751e+04 
       2.458994803062e-02       2.343554431371e+04 
       2.472447264071e-02       2.337095642117e+04 
       2.485913575516e-02       2.330623300484e+04 
       2.499394035840e-02       2.323986071072e+04 
       2.512888950833e-02       2.317365661455e+04 
       2.526398633830e-02       2.310700220362e+04 
       2.539923405920e-02       2.303965386726e+04 
       2.553463596155e-02       2.297246692050e+04 
       2.567019541767e-02       2.290398327697e+04 
       2.580591588401e-02       2.283506930682e+04 
       2.594180090342e-02       2.276616720225e+04 
       2.607785410761e-02       2.269660049916e+04 
       2.621407921967e-02       2.262726667916e+04 
       2.635048005661e-02       2.255661986658e+04 
       2.648706053211e-02       2.248619876966e+04 
       2.662382465926e-02       2.241524369858e+04 
       2.676077655342e-02       2.234363716614e+04 
       2.689792043527e-02       2.227239859902e+04 
       2.703526063382e-02       2.219990266359e+04 
       2.717280158965e-02       2.212790653629e+04 
       2.731054785820e-02       2.205465840687e+04 
       2.744850411326e-02       2.198201831314e+04 
       2.758667515045e-02       2.190851204396e+04 
       2.772506589101e-02       2.183495775881e+04 
       2.786368138554e-02       2.176150802377e+04 
       2.800252681805e-02       2.168697294039e+04 
       2.814160751007e-02       2.161280933413e+04 
       2.828092892493e-02       2.153790366225e+04 
       2.842049667219e-02       2.146341402910e+04 
       2.856031651234e-02       2.138819714380e+04 
       2.870039436151e-02       2.131285639224e+04 
       2.884073629657e-02       2.123753298690e+04 
       2.898134856022e-02       2.116203666911e+04 
       2.912223756650e-02       2.108585128297e+04 
       2.926340990632e-02       2.101003603800e+04 
       2.940487235338e-02       2.093365934410e+04 
       2.954663187022e-02       2.085703296772e+04 
       2.968869561458e-02       2.078059871314e+04 
       2.983107094602e-02       2.070379912130e+04 
       2.997376543277e-02       2.062711389807e+04 
       3.011678685895e-02       2.055011719529e+04 
       3.026014323204e-02       2.047313310155e+04 
       3.040384279069e-02       2.039581751475e+04 
       3.054789401286e-02       2.031861474100e+04 
       3.069230562434e-02       2.024111268383e+04 
       3.083708660765e-02       2.016367492473e+04 
       3.098224621129e-02       2.008611518502e+04 
       3.112779395946e-02       2.000814751475e+04 
       3.127373966220e-02       1.993060594847e+04 
       3.142009342600e-02       1.985259375277e+04 
       3.156686566490e-02       1.977469137617e+04 
       3.171406711212e-02       1.969691251858e+04 
       3.186170883222e-02       1.961905890332e+04 
       3.200980223384e-02       1.954063569677e+04 
       3.215835908309e-02       1.946262219691e+04 
       3.230739151754e-02       1.938436699183e+04 
       3.245691206095e-02       1.930627827509e+04 
       3.260693363868e-02       1.922795114870e+04 
       3.275746959388e-02       1.914997986831e+04 
       3.290853370457e-02       1.907159801413e+04 
       3.306014020146e-02       1.899346026826e+04 
       3.321230378682e-02       1.891502629862e+04 
       3.336503965428e-02       1.883673436342e+04 
       3.351836350963e-02       1.875865699650e+04 
       3.367229159280e-02       1.868018447290e+04 
       3.382684070099e-02       1.860196185847e+04 
       3.398202821305e-02       1.852375100984e+04 
       3.413787211524e-02       1.844562138818e+04 
       3.429439102835e-02       1.836717243254e+04 
       3.445160423642e-02       1.828918619581e+04 
       3.460953171702e-02       1.821109994285e+04 
       3.476819417338e-02       1.813284089217e+04 
       3.492761306821e-02       1.805456297670e+04 
       3.508781065972e-02       1.797665895415e+04 
       3.524881003959e-02       1.789850690856e+04 
       3.541063517338e-02       1.782044848744e+04 
       3.557331094325e-02       1.774258139600e+04 
       3.573686319348e-02       1.766452137676e+04 
       3.590131877865e-02       1.758650909739e+04 
       3.606670561503e-02       1.750867335039e+04 
       3.623305273512e-02       1.743077621005e+04 
       3.640039034579e-02       1.735306310151e+04 
       3.656874989022e-02       1.727543453519e+04 
       3.673816411395e-02       1.719758115336e+04 
       3.690866713534e-02       1.712004430795e+04 
       3.708029452087e-02       1.704224599161e+04 
       3.725308336563e-02       1.696477870092e+04 
       3.742707237941e-02       1.688707618734e+04 
       3.760230197895e-02       1.680955664561e+04 
       3.777881438675e-02       1.673215286571e+04 
       3.795665373715e-02       1.665469542755e+04 
       3.813586619022e-02       1.657730823644e+04 
       3.831650005418e-02       1.649984815252e+04 
       3.849860591716e-02       1.642249852013e+04 
       3.868223678913e-02       1.634533158799e+04 
       3.886744825492e-02       1.626790489898e+04 
       3.905429863944e-02       1.619062728524e+04 
       3.924284918625e-02       1.611340486664e+04 
       3.943316425078e-02       1.603615026913e+04 
       3.962531150958e-02       1.595899517066e+04 
       3.981936218740e-02       1.588171464109e+04 
       4.001539130371e-02       1.580456286638e+04 
       4.021347794085e-02       1.572730622636e+04 
       4.041370553597e-02       1.565023106749e+04 
       4.061616219939e-02       1.557286018176e+04 
       4.082094106229e-02       1.549556538291e+04 
       4.102814065689e-02       1.541838421594e+04 
       4.123786533290e-02       1.534107242145e+04 
       4.145022571436e-02       1.526359600707e+04 
       4.166533920160e-02       1.518628873381e+04 
       4.188333052375e-02       1.510873374217e+04 
       4.210433234794e-02       1.503114805143e+04 
       4.232848595214e-02       1.495358936436e+04 
       4.255594196980e-02       1.487591755207e+04 
       4.278686121546e-02       1.479801105991e+04 
       4.302141560195e-02       1.472011826191e+04 
       4.325978916156e-02       1.464190086980e+04 
       4.350217918529e-02       1.456380907348e+04 
       4.374879749673e-02       1.448531581073e+04 
       4.399987187981e-02       1.440675474178e+04 
       4.425564768275e-02       1.432801625814e+04 
       4.451638962458e-02       1.424903024511e+04 
       4.478238383507e-02       1.416974596972e+04 
       4.505394016427e-02       1.409030234649e+04 
       4.533139480502e-02       1.401054136765e+04 
       4.561511327905e-02       1.393056311454e+04 
       4.590549384786e-02       1.385006922345e+04 
       4.620297142087e-02       1.376927355710e+04 
       4.650802204811e-02       1.368816969980e+04 
       4.682116810268e-02       1.360646526246e+04 
       4.714298428015e-02       1.352435346254e+04 
       4.747410456941e-02       1.344178255901e+04 
       4.781523038354e-02       1.335853367347e+04 
       4.816714008180e-02       1.327473821111e+04 
       4.853070016701e-02       1.319030193254e+04 
       4.890687850972e-02       1.310494593540e+04 
       4.929676003555e-02       1.301891881923e+04 
       4.970156541946e-02       1.293188405780e+04 
       5.012267346758e-02       1.284386678381e+04 
       5.056164804142e-02       1.275473698758e+04 
       5.102027060167e-02       1.266440267208e+04 
       5.150057973137e-02       1.257265101599e+04 
       5.200491935735e-02       1.247941120914e+04 
       5.253599783996e-02       1.238439452350e+04 
       5.309696066052e-02       1.228737139790e+04 
       5.369148011037e-02       1.218800351888e+04 
       5.432386616053e-02       1.208616850733e+04 
       5.499920349788e-02       1.198117803311e+04 
       5.572352037163e-02       1.187264118419e+04 
       5.650399498625e-02       1.175984932473e+04 
       5.734920383146e-02       1.164188765644e+04 
       5.826941181926e-02       1.151771162350e+04 
       5.927689312574e-02       1.138582967804e+04 
       6.038624843614e-02       1.124418030735e+04 
       6.161463973470e-02       1.109022314703e+04 
       6.298178640545e-02       1.092036306042e+04 
       6.450945049825e-02       1.072998959995e+04 
       6.622001042494e-02       1.051325082686e+04 
       6.813369191660e-02       1.026302048243e+04 
       7.026433783797e-02       9.971876641538e+03 
       7.261451916811e-02       9.633496370003e+03 
       7.517209214344e-02       9.244982824275e+03 
       7.791072454403e-02       8.809540150084e+03 
       8.079506991316e-02       8.337284340994e+03 
       8.378817332467e-02       7.844281598986e+03 
       8.685750652090e-02       7.349694082299e+03 
       8.997776929344e-02       6.872550053769e+03 
       9.313092122826e-02       6.428942481087e+03 
       9.630483323121e-02       6.030508314237e+03 
       9.949165825137e-02       5.683760847164e+03 
       1.026864424169e-01       5.390331840826e+03 
       1.058861058362e-01       5.147641922862e+03 
       1.090887516507e-01       4.949816431790e+03 
       1.122932182628e-01       4.788636147531e+03 
       1.154987967288e-01       4.654512707870e+03 
       1.187050551811e-01       4.537397863674e+03 
       1.219117307710e-01       4.427672035885e+03 
       1.251186635444e-01       4.316965871269e+03 
       1.283257561145e-01       4.198846874397e+03 
       1.315329491189e-01       4.069286999703e+03 
       1.347402063006e-01       3.926837240503e+03 
       1.379475054450e-01       3.772474326296e+03 
       1.411548328765e-01       3.609168400838e+03 
       1.443621801168e-01       3.441248787611e+03 
       1.475695418560e-01       3.273695364653e+03 
       1.477104874446e-01       3.266419826657e+03 
       1.507769147195e-01       3.111457498136e+03 
       1.539842965192e-01       2.958892273764e+03 
       1.571916857977e-01       2.819367098768e+03 
       1.603990815511e-01       2.695029508269e+03 
       1.636064830596e-01       2.586751376220e+03 
       1.668138897840e-01       2.494195686287e+03 
       1.700213013021e-01       2.415993711471e+03 
       1.732287172697e-01       2.349967138855e+03 
       1.764361373959e-01       2.293404636718e+03 
       1.796435614280e-01       2.243334839536e+03 
       1.828509891417e-01       2.196966235899e+03 
       1.860584203347e-01       2.151892709548e+03 
       1.892658548223e-01       2.105362784806e+03 
       1.924732924345e-01       2.055691312511e+03 
       1.956807330142e-01       2.001946317314e+03 
       1.988881764152e-01       1.943996301254e+03 
       2.020956225014e-01       1.882444950433e+03 
       2.053030711452e-01       1.818451394211e+03 
       2.085105222276e-01       1.753502046219e+03 
       2.117179756366e-01       1.689162612328e+03 
       2.149254312672e-01       1.626884237581e+03 
       2.181328890206e-01       1.567872503270e+03 
       2.213403488038e-01       1.513026118241e+03 
       2.245478105292e-01       1.462921966274e+03 
       2.277552741142e-01       1.417813795355e+03 
       2.309627394807e-01       1.377647686463e+03 
       2.341702065550e-01       1.342075810526e+03 
       2.373776752674e-01       1.310495273731e+03 
       2.405851455520e-01       1.282102317353e+03 
       2.437926173463e-01       1.255983068325e+03 
       2.470000905912e-01       1.231213966164e+03 
       2.502075652304e-01       1.206956499433e+03 
       2.534150412107e-01       1.182531196073e+03 
       2.566225184815e-01       1.157463543454e+03 
       2.598299969948e-01       1.131486087174e+03 
       2.630374767047e-01       1.104529816250e+03 
       2.662449575678e-01       1.076697519002e+03 
       2.694524395427e-01       1.048237493711e+03 
       2.726599225899e-01       1.019510113635e+03 
       2.758674066718e-01       9.909511783194e+02 
       2.790748917524e-01       9.630220189967e+02 
       2.822823777976e-01       9.361552298901e+02 
       2.854898647747e-01       9.107016412967e+02 
       2.886973526524e-01       8.868973359108e+02 
       2.919048414010e-01       8.648421685731e+02 
       2.951123309917e-01       8.445116575929e+02 
       2.983198213974e-01       8.257821635287e+02 
       3.015273125918e-01       8.084570138751e+02 
       3.047348045500e-01       7.923008733153e+02 
       3.079422972480e-01       7.770587527387e+02 
       3.111497906627e-01       7.624714978236e+02 
       3.143572847722e-01       7.482907388771e+02 
       3.175647795552e-01       7.342928536008e+02 
       3.207722749914e-01       7.202981038666e+02 
       3.239797710614e-01       7.061878808508e+02 
       3.271872677464e-01       6.919118426894e+02 
       3.303947650285e-01       6.774891689964e+02 
       3.336022628902e-01       6.629952413958e+02 
       3.368097613151e-01       6.485402385831e+02 
       3.400172602870e-01       6.342482036287e+02 
       3.432247597906e-01       6.202418595560e+02 
       3.464322598110e-01       6.066297883499e+02 
       3.496397603339e-01       5.935038202116e+02 
       3.528472613457e-01       5.809366595008e+02 
       3.560547628329e-01       5.689776723629e+02 
       3.592622647828e-01       5.576473649360e+02 
       3.624697671831e-01       5.469352696741e+02 
       3.656772700219e-01       5.367964682922e+02 
       3.688847732876e-01       5.271591991417e+02 
       3.720922769693e-01       5.179338902885e+02 
       3.752997810561e-01       5.090280692201e+02 
       3.785072855378e-01       5.003576392098e+02 
       3.817147904043e-01       4.918551699071e+02 
       3.849222956461e-01       4.834716560006e+02 
       3.881298012536e-01       4.751743651441e+02 
       3.913373072180e-01       4.669440435641e+02 
       3.945448135304e-01       4.587728763061e+02 
       3.977523201825e-01       4.506637305448e+02 
       4.009598271660e-01       4.426321487244e+02 
       4.041673344730e-01       4.347049091737e+02 
       4.073748420959e-01       4.269173007456e+02 
       4.105823500272e-01       4.193060975261e+02 
       4.137898582597e-01       4.119036343751e+02 
       4.169973667864e-01       4.047324856590e+02 
       4.202048756006e-01       3.978029757555e+02 
       4.234123846957e-01       3.911156234624e+02 
       4.266198940654e-01       3.846642012855e+02 
       4.298274037035e-01       3.784393206409e+02 
       4.330349136039e-01       3.724297322710e+02 
       4.362424237610e-01       3.666218784098e+02 
       4.394499341690e-01       3.609981402844e+02 
       4.426574448225e-01       3.555366253867e+02 
       4.458649557161e-01       3.502118069021e+02 
       4.490724668447e-01       3.449983107897e+02 
       4.522799782034e-01       3.398749137262e+02 
       4.554874897871e-01       3.348273478800e+02 
       4.586950015912e-01       3.298488857623e+02 
       4.619025136110e-01       3.249390371880e+02 
       4.651100258421e-01       3.201006680027e+02 
       4.683175382802e-01       3.153376170410e+02 
       4.715250509209e-01       3.106537626082e+02 
       4.747325637602e-01       3.060535349724e+02 
       4.779400767940e-01       3.015431155269e+02 
       4.811475900185e-01       2.971308933640e+02 
       4.843551034299e-01       2.928263499015e+02 
       4.875626170244e-01       2.886377726925e+02 
       4.907701307984e-01       2.845696884442e+02 
       4.939776447485e-01       2.806211830531e+02 
       4.971851588712e-01       2.767862311469e+02 
       5.003926731632e-01       2.730553391211e+02 
       5.036001876212e-01       2.694182864129e+02 
       5.068077022421e-01       2.658661129866e+02 
       5.100152170229e-01       2.623915961974e+02 
       5.132227319604e-01       2.589890014688e+02 
       5.164302470517e-01       2.556526483311e+02 
       5.196377622941e-01       2.523764898411e+02 
       5.228452776847e-01       2.491543285146e+02 
       5.260527932208e-01       2.459810792530e+02 
       5.292603088997e-01       2.428542370824e+02 
       5.324678247189e-01       2.397745286450e+02 
       5.356753406759e-01       2.367452408235e+02 
       5.388828567680e-01       2.337707845281e+02 
       5.420903729931e-01       2.308546677882e+02 
       5.452978893486e-01       2.279984051444e+02 
       5.485054058324e-01       2.252014033916e+02 
       5.517129224421e-01       2.224619747887e+02 
       5.549204391756e-01       2.197785963053e+02 
       5.581279560307e-01       2.171507255089e+02 
       5.613354730053e-01       2.145785484962e+02 
       5.645429900975e-01       2.120621909119e+02 
       5.677505073052e-01       2.096005531783e+02 
       5.709580246264e-01       2.071907611174e+02 
       5.741655420592e-01       2.048285788829e+02 
       5.773730596019e-01       2.025094343760e+02 
       5.805805772525e-01       2.002296957306e+02 
       5.837880950092e-01       1.979873520761e+02 
       5.869956128704e-01       1.957818648516e+02 
       5.902031308343e-01       1.936132395164e+02 
       5.934106488992e-01       1.914810884710e+02 
       5.966181670635e-01       1.893840872997e+02 
       5.998256853257e-01       1.873202071014e+02 
       6.030332036841e-01       1.852875624191e+02 
       6.062407221372e-01       1.832852712141e+02 
       6.094482406835e-01       1.813138287652e+02 
       6.126557593216e-01       1.793747628372e+02 
       6.158632780500e-01       1.774696780596e+02 
       6.190707968673e-01       1.755993075000e+02 
       6.222783157721e-01       1.737630394335e+02 
       6.254858347631e-01       1.719591449389e+02 
       6.286933538390e-01       1.701855629762e+02 
       6.319008729984e-01       1.684407313796e+02 
       6.351083922401e-01       1.667240012855e+02 
       6.383159115628e-01       1.650354204491e+02 
       6.415234309654e-01       1.633750579083e+02 
       6.447309504466e-01       1.617423232182e+02 
       6.479384700052e-01       1.601356945314e+02 
       6.511459896402e-01       1.585530376515e+02 
       6.543535093504e-01       1.569923219426e+02 
       6.575610291346e-01       1.554523282582e+02 
       6.607685489919e-01       1.539328999172e+02 
       6.639760689211e-01       1.524346567465e+02 
       6.671835889212e-01       1.509583127500e+02 
       6.703911089911e-01       1.495040103753e+02 
       6.735986291300e-01       1.480710572846e+02 
       6.768061493368e-01       1.466581868547e+02 
       6.800136696105e-01       1.452641657941e+02 
       6.832211899501e-01       1.438883764142e+02 
       6.864287103549e-01       1.425309866619e+02 
       6.896362308238e-01       1.411926977765e+02 
       6.928437513560e-01       1.398740966708e+02 
       6.960512719506e-01       1.385751378144e+02 
       6.992587926067e-01       1.372949673653e+02 
       7.024663133234e-01       1.360321807806e+02 
       7.056738341000e-01       1.347854322205e+02 
       7.088813549357e-01       1.335539209715e+02 
       7.120888758296e-01       1.323375838409e+02 
       7.152963967809e-01       1.311368116078e+02 
       7.185039177890e-01       1.299519434849e+02 
       7.217114388529e-01       1.287828150925e+02 
       7.249189599721e-01       1.276286199463e+02 
       7.281264811456e-01       1.264881958714e+02 
       7.313340023730e-01       1.253605348830e+02 
       7.345415236533e-01       1.242451861210e+02 
       7.377490449860e-01       1.231423664052e+02 
       7.409565663703e-01       1.220526870145e+02 
       7.441640878056e-01       1.209766276077e+02 
       7.473716092912e-01       1.199141761216e+02 
       7.505791308265e-01       1.188647006914e+02 
       7.537866524109e-01       1.178272406445e+02 
       7.569941740437e-01       1.168009455404e+02 
       7.602016957242e-01       1.157854490478e+02 
       7.634092174520e-01       1.147809401474e+02 
       7.666167392264e-01       1.137878960370e+02 
       7.698242610468e-01       1.128066684044e+02 
       7.730317829126e-01       1.118371303674e+02 
       7.762393048234e-01       1.108786432124e+02 
       8.554227499162e-01       9.006119965560e+01 
       9.743517194438e-01       6.663813222218e+01 
       1.166970356597e+00       4.250755604640e+01 
       1.477104874446e+00       2.471379836595e+01 
