# Matter power spectrum P(k) at redshift z=0
# for k=1.03318e-05 to 1.4771 h/Mpc,
# number of wavenumbers equal to 612
#    1:k (h/Mpc)              2:P (Mpc/h)^3        
       1.033182845475e-05       4.638902564923e+01 
       2.318717055439e-05       1.013886849148e+02 
       3.608728292044e-05       1.555434902663e+02 
       4.906673546409e-05       2.093532292415e+02 
       6.216066536097e-05       2.631444711624e+02 
       7.540508911938e-05       3.171528675282e+02 
       8.883722455911e-05       3.715817208633e+02 
       1.024958269686e-04       4.266320175909e+02 
       1.164215437412e-04       4.832041153617e+02 
       1.306572918242e-04       5.400963889319e+02 
       1.452486623220e-04       5.977089700598e+02 
       1.602443565389e-04       6.571466975847e+02 
       1.756966575718e-04       7.190947296312e+02 
       1.916619412105e-04       7.818201992658e+02 
       2.082012292569e-04       8.465430099971e+02 
       2.253807873344e-04       9.145323707615e+02 
       2.432727676333e-04       9.843799224010e+02 
       2.619558946345e-04       1.057237795303e+03 
       2.815161883924e-04       1.132490981145e+03 
       3.020477151287e-04       1.212128278301e+03 
       3.236533483080e-04       1.294450473869e+03 
       3.464455146495e-04       1.383219663310e+03 
       3.705468882986e-04       1.474809832995e+03 
       3.960909823753e-04       1.571605096657e+03 
       4.232225703497e-04       1.674282700655e+03 
       4.520978506502e-04       1.784036207197e+03 
       4.828842478774e-04       1.901921412634e+03 
       5.157597254135e-04       2.025685765948e+03 
       5.509114710344e-04       2.156474983991e+03 
       5.885338150128e-04       2.298060399785e+03 
       6.288252563479e-04       2.447289135572e+03 
       6.719845149718e-04       2.607212580528e+03 
       7.182056025451e-04       2.776989405811e+03 
       7.676720138985e-04       2.957186564438e+03 
       8.205502793331e-04       3.148878668030e+03 
       8.769832678066e-04       3.351758437377e+03 
       9.370837638341e-04       3.567493947174e+03 
       1.000928920783e-03       3.794051837624e+03 
       1.068556186510e-03       4.032276158890e+03 
       1.139961185534e-03       4.281696451136e+03 
       1.215097832888e-03       4.541675953930e+03 
       1.293880684834e-03       4.811596396936e+03 
       1.376189257511e-03       5.091219236209e+03 
       1.461873824963e-03       5.379020925414e+03 
       1.477104874446e-03       5.429849268062e+03 
       1.550762084805e-03       5.674121939690e+03 
       1.642666066142e-03       5.976283459617e+03 
       1.737388734536e-03       6.283696208123e+03 
       1.834729888667e-03       6.596076011633e+03 
       1.934491103660e-03       6.912294087003e+03 
       2.036479624771e-03       7.231284524753e+03 
       2.140511232279e-03       7.552348777970e+03 
       2.246412177186e-03       7.874722381928e+03 
       2.354020329894e-03       8.197725286336e+03 
       2.463185698029e-03       8.520846911080e+03 
       2.573770463946e-03       8.843341164257e+03 
       2.685648675428e-03       9.165023582061e+03 
       2.798705701036e-03       9.485179579991e+03 
       2.912837538712e-03       9.803462494675e+03 
       3.027950045190e-03       1.011954099302e+04 
       3.143958135702e-03       1.043309542225e+04 
       3.260784988725e-03       1.074392823551e+04 
       3.378361279025e-03       1.105185431384e+04 
       3.496624453548e-03       1.135655194360e+04 
       3.615518058305e-03       1.165787331163e+04 
       3.734991119915e-03       1.195568374376e+04 
       3.854997582300e-03       1.224986714905e+04 
       3.975495797040e-03       1.254033653222e+04 
       4.096448064560e-03       1.282696879056e+04 
       4.217820222645e-03       1.310971162043e+04 
       4.339581278420e-03       1.338848029932e+04 
       4.461703079850e-03       1.366323066751e+04 
       4.584160022917e-03       1.393392291302e+04 
       4.706928790815e-03       1.420058049635e+04 
       4.829988121767e-03       1.446309117282e+04 
       4.953318602332e-03       1.472154443486e+04 
       5.076902483380e-03       1.497584210677e+04 
       5.200723516174e-03       1.522597829725e+04 
       5.324766806278e-03       1.547202094148e+04 
       5.449018683262e-03       1.571404349002e+04 
       5.573466584389e-03       1.594219242536e+04 
       5.698098950687e-03       1.618152424246e+04 
       5.822905133994e-03       1.640266306459e+04 
       5.947875313725e-03       1.664007037227e+04 
       6.073000422253e-03       1.685126781602e+04 
       6.198272077955e-03       1.707654448769e+04 
       6.323682525031e-03       1.728232985320e+04 
       6.449224579379e-03       1.749017624806e+04 
       6.574891579834e-03       1.770512203337e+04 
       6.700677344191e-03       1.790786386659e+04 
       6.826576129503e-03       1.811004886562e+04 
       6.952582596179e-03       1.830094918699e+04 
       7.078691775495e-03       1.848317604033e+04 
       7.204899040142e-03       1.867958872988e+04 
       7.331200077512e-03       1.885279384453e+04 
       7.457590865422e-03       1.904215914127e+04 
       7.584067650041e-03       1.921704080952e+04 
       7.710626925794e-03       1.938738864754e+04 
       7.837265417038e-03       1.955824337165e+04 
       7.963980061345e-03       1.972388772069e+04 
       8.090767994231e-03       1.988725028992e+04 
       8.217626535189e-03       2.004368042774e+04 
       8.344553174907e-03       2.019506211131e+04 
       8.471545563549e-03       2.035076760612e+04 
       8.598601500012e-03       2.049759888746e+04 
       8.725718922060e-03       2.064061737570e+04 
       8.852895897256e-03       2.078033397117e+04 
       8.980130614627e-03       2.092329484210e+04 
       9.107421376981e-03       2.105638704095e+04 
       9.234766593838e-03       2.118649224824e+04 
       9.362164774905e-03       2.131348003062e+04 
       9.489614524057e-03       2.144325152936e+04 
       9.617114533774e-03       2.156738693824e+04 
       9.744663580008e-03       2.168644576263e+04 
       9.872260517423e-03       2.180340823651e+04 
       9.999904275004e-03       2.191579774617e+04 
       1.012759385198e-02       2.202085513789e+04 
       1.025532831403e-02       2.212330157445e+04 
       1.038310678983e-02       2.224019591773e+04 
       1.051092846776e-02       2.233788702616e+04 
       1.063879259291e-02       2.244039001271e+04 
       1.076669846426e-02       2.253583675972e+04 
       1.089464543214e-02       2.262161311056e+04 
       1.102263289574e-02       2.271653077453e+04 
       1.115066030090e-02       2.280691782544e+04 
       1.127872713803e-02       2.289513455672e+04 
       1.140683294016e-02       2.297834097372e+04 
       1.153497728113e-02       2.305430884216e+04 
       1.166315977391e-02       2.313502990671e+04 
       1.179138006903e-02       2.321029261656e+04 
       1.191963785316e-02       2.327550380869e+04 
       1.204793284771e-02       2.335351618155e+04 
       1.217626480762e-02       2.342130148046e+04 
       1.230463352014e-02       2.348858496042e+04 
       1.243303880379e-02       2.355077776367e+04 
       1.256148050733e-02       2.360628809572e+04 
       1.268995850883e-02       2.366749663050e+04 
       1.281847271478e-02       2.372506671671e+04 
       1.294702305933e-02       2.377822723701e+04 
       1.307560950348e-02       2.383022228644e+04 
       1.320423203446e-02       2.387738437008e+04 
       1.333289066506e-02       2.392565629867e+04 
       1.346158543303e-02       2.397248036426e+04 
       1.359031640056e-02       2.401552430448e+04 
       1.371908365381e-02       2.405312991235e+04 
       1.384788730238e-02       2.409246149673e+04 
       1.397672747901e-02       2.412708285561e+04 
       1.410560433909e-02       2.416697594217e+04 
       1.423451806040e-02       2.419907170001e+04 
       1.436346884280e-02       2.422925238122e+04 
       1.449245690789e-02       2.425692845859e+04 
       1.462148249887e-02       2.428485427394e+04 
       1.475054588024e-02       2.431070602403e+04 
       1.477104874446e-02       2.431262658570e+04 
       1.487964733767e-02       2.433329816748e+04 
       1.500878717782e-02       2.435376504275e+04 
       1.513796572823e-02       2.437093519327e+04 
       1.526718333719e-02       2.438976616852e+04 
       1.539644037369e-02       2.440320299097e+04 
       1.552573722733e-02       2.441881052142e+04 
       1.565507430831e-02       2.443281327154e+04 
       1.578445204742e-02       2.444313964812e+04 
       1.591387089601e-02       2.445117501698e+04 
       1.604333132606e-02       2.445598771931e+04 
       1.617283383022e-02       2.446290340612e+04 
       1.630237892186e-02       2.446207094992e+04 
       1.643196713519e-02       2.446529456247e+04 
       1.656159902533e-02       2.446541027197e+04 
       1.669127516843e-02       2.446574864265e+04 
       1.682099616188e-02       2.446690168606e+04 
       1.695076262439e-02       2.445946740328e+04 
       1.708057519618e-02       2.445321387576e+04 
       1.721043453924e-02       2.444948560119e+04 
       1.734034133746e-02       2.444166659065e+04 
       1.747029629689e-02       2.442630261663e+04 
       1.760030014601e-02       2.441570521024e+04 
       1.773035363594e-02       2.440698643244e+04 
       1.786045754077e-02       2.439061683114e+04 
       1.799061265781e-02       2.437730308434e+04 
       1.812081980794e-02       2.436062965925e+04 
       1.825107983592e-02       2.433996081688e+04 
       1.838139361071e-02       2.432355982104e+04 
       1.851176202588e-02       2.430197529415e+04 
       1.864218599997e-02       2.428032911124e+04 
       1.877266647684e-02       2.425627129005e+04 
       1.890320442618e-02       2.423003231033e+04 
       1.903380084383e-02       2.420711444270e+04 
       1.916445675230e-02       2.417583243586e+04 
       1.929517320122e-02       2.415172546770e+04 
       1.942595126781e-02       2.412229292873e+04 
       1.955679205738e-02       2.409176675343e+04 
       1.968769670388e-02       2.406209862105e+04 
       1.981866637039e-02       2.402693612881e+04 
       1.994970224972e-02       2.399499191304e+04 
       2.008080556496e-02       2.395913922952e+04 
       2.021197757011e-02       2.392444818431e+04 
       2.034321955065e-02       2.388824821838e+04 
       2.047453282423e-02       2.385126590497e+04 
       2.060591874129e-02       2.381156611668e+04 
       2.073737868575e-02       2.377151857537e+04 
       2.086891407575e-02       2.373044352306e+04 
       2.100052636432e-02       2.368737543108e+04 
       2.113221704016e-02       2.364738827424e+04 
       2.126398762843e-02       2.360464443476e+04 
       2.139583969151e-02       2.355881072521e+04 
       2.152777482988e-02       2.351612279794e+04 
       2.165979468289e-02       2.347017018328e+04 
       2.179190092972e-02       2.342113592763e+04 
       2.192409529023e-02       2.337359137396e+04 
       2.205637952593e-02       2.332751273552e+04 
       2.218875544091e-02       2.327541480833e+04 
       2.232122488284e-02       2.322656038275e+04 
       2.245378974403e-02       2.317798879676e+04 
       2.258645196242e-02       2.312535830954e+04 
       2.271921352274e-02       2.307148063616e+04 
       2.285207645758e-02       2.301835025283e+04 
       2.298504284856e-02       2.296578111189e+04 
       2.311811482755e-02       2.291042646157e+04 
       2.325129457786e-02       2.285550736728e+04 
       2.338458433557e-02       2.280073608026e+04 
       2.351798639075e-02       2.274550958993e+04 
       2.365150308892e-02       2.268746973848e+04 
       2.378513683235e-02       2.263043672706e+04 
       2.391889008158e-02       2.257395840458e+04 
       2.405276535683e-02       2.251545234677e+04 
       2.418676523959e-02       2.245641242901e+04 
       2.432089237419e-02       2.239555135540e+04 
       2.445514946940e-02       2.233479598704e+04 
       2.458953930018e-02       2.227406899717e+04 
       2.472406470935e-02       2.221202279469e+04 
       2.485872860946e-02       2.215223959217e+04 
       2.499353398457e-02       2.209017989939e+04 
       2.512848389227e-02       2.202787917861e+04 
       2.526358146554e-02       2.196363559181e+04 
       2.539882991492e-02       2.189970381361e+04 
       2.553423253055e-02       2.183497181328e+04 
       2.566979268438e-02       2.177042223735e+04 
       2.580551383246e-02       2.170595238307e+04 
       2.594139951723e-02       2.164168725118e+04 
       2.607745336999e-02       2.157511916050e+04 
       2.621367911340e-02       2.150893975081e+04 
       2.635008056405e-02       2.144279381300e+04 
       2.648666163515e-02       2.137567138812e+04 
       2.662342633931e-02       2.130765421394e+04 
       2.676037879146e-02       2.124045764754e+04 
       2.689752321173e-02       2.117205867180e+04 
       2.703486392866e-02       2.110456910405e+04 
       2.717240538228e-02       2.103621849224e+04 
       2.731015212753e-02       2.096564980263e+04 
       2.744810883760e-02       2.089735245220e+04 
       2.758628030758e-02       2.082856506359e+04 
       2.772467145808e-02       2.075895729498e+04 
       2.786328733912e-02       2.068751169625e+04 
       2.800213313408e-02       2.061865893674e+04 
       2.814121416382e-02       2.054819828897e+04 
       2.828053589102e-02       2.047614223043e+04 
       2.842010392456e-02       2.040549779927e+04 
       2.855992402420e-02       2.033524717189e+04 
       2.870000210535e-02       2.026390515228e+04 
       2.884034424411e-02       2.019145456451e+04 
       2.898095668241e-02       2.012001622315e+04 
       2.912184583346e-02       2.004856510242e+04 
       2.926301828736e-02       1.997634802457e+04 
       2.940448081693e-02       1.990311390596e+04 
       2.954624038382e-02       1.983126798841e+04 
       2.968830414484e-02       1.975849168320e+04 
       2.983067945859e-02       1.968584893365e+04 
       2.997337389232e-02       1.961414802589e+04 
       3.011639522913e-02       1.953975171600e+04 
       3.025975147544e-02       1.946796826809e+04 
       3.040345086878e-02       1.939486405974e+04 
       3.054750188599e-02       1.932097864408e+04 
       3.069191325168e-02       1.924803706132e+04 
       3.083669394714e-02       1.917442438728e+04 
       3.098185321961e-02       1.910000275136e+04 
       3.112740059198e-02       1.902744431520e+04 
       3.127334587291e-02       1.895368053830e+04 
       3.141969916749e-02       1.887915720195e+04 
       3.156647088829e-02       1.880591376240e+04 
       3.171367176699e-02       1.873234855844e+04 
       3.186131286658e-02       1.865830646985e+04 
       3.200940559404e-02       1.858422326302e+04 
       3.215796171377e-02       1.850911595191e+04 
       3.230699336157e-02       1.843614790458e+04 
       3.245651305933e-02       1.836136286211e+04 
       3.260653373049e-02       1.828796439810e+04 
       3.275706871620e-02       1.821373828957e+04 
       3.290813179236e-02       1.813894840396e+04 
       3.305973718754e-02       1.806444139900e+04 
       3.321189960171e-02       1.799144096525e+04 
       3.336463422614e-02       1.791702961896e+04 
       3.351795676414e-02       1.784283227282e+04 
       3.367188345307e-02       1.776782904627e+04 
       3.382643108743e-02       1.769421236986e+04 
       3.398161704327e-02       1.761992888023e+04 
       3.413745930389e-02       1.754545266691e+04 
       3.429397648701e-02       1.747161830338e+04 
       3.445118787345e-02       1.739773564190e+04 
       3.460911343742e-02       1.732392243609e+04 
       3.476777387862e-02       1.724933486998e+04 
       3.492719065607e-02       1.717489542068e+04 
       3.508738602411e-02       1.710140012401e+04 
       3.524838307035e-02       1.702737707326e+04 
       3.541020575609e-02       1.695326798764e+04 
       3.557287895902e-02       1.687998839293e+04 
       3.573642851872e-02       1.680618988229e+04 
       3.590088128482e-02       1.673251092175e+04 
       3.606626516840e-02       1.665794734447e+04 
       3.623260919648e-02       1.658478079495e+04 
       3.639994357019e-02       1.651121036203e+04 
       3.656829972662e-02       1.643739828341e+04 
       3.673771040492e-02       1.636325298413e+04 
       3.690820971669e-02       1.629008454272e+04 
       3.707983322129e-02       1.621665703893e+04 
       3.725261800626e-02       1.614281360742e+04 
       3.742660277343e-02       1.606923231950e+04 
       3.760182793110e-02       1.599613418448e+04 
       3.777833569284e-02       1.592254563166e+04 
       3.795617018354e-02       1.584966369697e+04 
       3.813537755322e-02       1.577617106027e+04 
       3.831600609944e-02       1.570309185632e+04 
       3.849810639901e-02       1.562939339978e+04 
       3.868173144985e-02       1.555622393095e+04 
       3.886693682397e-02       1.548340050821e+04 
       3.905378083264e-02       1.541013492847e+04 
       3.924232470485e-02       1.533667448303e+04 
       3.943263278047e-02       1.526353894047e+04 
       3.962477271946e-02       1.519069616834e+04 
       3.981881572878e-02       1.511771643231e+04 
       4.001483680890e-02       1.504452474204e+04 
       4.021291502174e-02       1.497149192721e+04 
       4.041313378256e-02       1.489781209768e+04 
       4.061558117818e-02       1.482490378667e+04 
       4.082035031447e-02       1.475150477244e+04 
       4.102753969640e-02       1.467903551536e+04 
       4.123725364427e-02       1.460581355676e+04 
       4.144960275039e-02       1.453237171328e+04 
       4.166470438074e-02       1.445897525152e+04 
       4.188268322728e-02       1.438607211655e+04 
       4.210367191680e-02       1.431261499007e+04 
       4.232781168345e-02       1.423880041523e+04 
       4.255525311302e-02       1.416564338609e+04 
       4.278615696807e-02       1.409160143035e+04 
       4.302069510471e-02       1.401811272304e+04 
       4.325905149318e-02       1.394383865042e+04 
       4.350142335650e-02       1.387050918437e+04 
       4.374802244360e-02       1.379633665935e+04 
       4.399907645630e-02       1.372173057934e+04 
       4.425483065230e-02       1.364740107687e+04 
       4.451554965064e-02       1.357272818525e+04 
       4.478151947032e-02       1.349768427091e+04 
       4.505304983852e-02       1.342289445703e+04 
       4.533047681129e-02       1.334726687975e+04 
       4.561416575782e-02       1.327141817527e+04 
       4.590451476899e-02       1.319567928152e+04 
       4.620195856280e-02       1.311958658252e+04 
       4.650697297399e-02       1.304256572140e+04 
       4.682008013269e-02       1.296579074238e+04 
       4.714185445945e-02       1.288802364911e+04 
       4.747292963075e-02       1.281008678932e+04 
       4.781400670360e-02       1.273153823044e+04 
       4.816586362990e-02       1.265255379150e+04 
       4.852936644466e-02       1.257286076040e+04 
       4.890548247904e-02       1.249245646917e+04 
       4.929529603414e-02       1.241130721791e+04 
       4.970002705866e-02       1.232938413204e+04 
       5.012105351034e-02       1.224638537849e+04 
       5.055993825499e-02       1.216231633993e+04 
       5.101846157908e-02       1.207721830307e+04 
       5.149866067400e-02       1.199109986461e+04 
       5.200287780903e-02       1.190299464537e+04 
       5.253381936034e-02       1.181368846338e+04 
       5.309462842253e-02       1.172246020126e+04 
       5.368897440278e-02       1.162917482307e+04 
       5.432116377272e-02       1.153352069391e+04 
       5.499627695992e-02       1.143508226560e+04 
       5.572033702048e-02       1.133301574680e+04 
       5.650051583120e-02       1.122739239377e+04 
       5.734538220461e-02       1.111667329348e+04 
       5.826519183249e-02       1.100042042311e+04 
       5.927220803549e-02       1.087677079293e+04 
       6.038101917898e-02       1.074427243748e+04 
       6.160877419422e-02       1.060022287340e+04 
       6.297518045965e-02       1.044114512514e+04 
       6.450199255833e-02       1.026299196083e+04 
       6.621159172180e-02       1.005981333110e+04 
       6.812422433784e-02       9.824980961782e+03 
       7.025377814536e-02       9.551411352579e+03 
       7.260289222433e-02       9.232947454829e+03 
       7.515949995482e-02       8.866417251261e+03 
       7.789733097020e-02       8.455017418860e+03 
       8.078106566759e-02       8.007965726108e+03 
       8.377373926431e-02       7.540615676255e+03 
       8.684279085970e-02       7.071187443256e+03 
       8.996288154440e-02       6.617946060097e+03 
       9.311593676642e-02       6.196460330523e+03 
       9.628980155926e-02       5.817927104729e+03 
       9.947661091658e-02       5.488756661930e+03 
       1.026713991473e-01       5.210743252757e+03 
       1.058710788253e-01       4.981476906199e+03 
       1.090737483813e-01       4.795347734782e+03 
       1.122782433076e-01       4.644536519291e+03 
       1.154838528750e-01       4.519868272022e+03 
       1.186901441255e-01       4.411578434731e+03 
       1.218968535461e-01       4.310338205288e+03 
       1.251038207785e-01       4.207991788008e+03 
       1.283109481903e-01       4.098251695716e+03 
       1.315181762700e-01       3.977105181372e+03 
       1.347254686696e-01       3.843065580523e+03 
       1.379328031196e-01       3.697032368065e+03 
       1.411401659108e-01       3.541861909528e+03 
       1.443475485445e-01       3.381767520347e+03 
       1.475549456982e-01       3.221609769350e+03 
       1.477104874446e-01       3.213931528659e+03 
       1.507623539898e-01       3.066281182716e+03 
       1.539697712265e-01       2.920099792856e+03 
       1.571771959480e-01       2.786422050310e+03 
       1.603846271487e-01       2.667445129617e+03 
       1.635920641075e-01       2.564086161683e+03 
       1.667995062845e-01       2.476079892447e+03 
       1.700069532572e-01       2.402133503449e+03 
       1.732144046808e-01       2.340141141197e+03 
       1.764218602644e-01       2.287433696282e+03 
       1.796293197550e-01       2.241098786553e+03 
       1.828367829283e-01       2.198345610872e+03 
       1.860442495818e-01       2.156780659385e+03 
       1.892517195307e-01       2.113648650588e+03 
       1.924591926051e-01       2.067225416754e+03 
       1.956666686477e-01       2.016555031596e+03 
       1.988741475123e-01       1.961480267842e+03 
       2.020816290627e-01       1.902582057739e+03 
       2.052891131714e-01       1.841011125657e+03 
       2.084965997191e-01       1.778261549426e+03 
       2.117040885940e-01       1.715920305344e+03 
       2.149115796910e-01       1.655462745690e+03 
       2.181190729112e-01       1.598128207297e+03 
       2.213265681617e-01       1.544854889246e+03 
       2.245340653548e-01       1.496251008727e+03 
       2.277415644078e-01       1.452601994898e+03 
       2.309490652427e-01       1.413877581235e+03 
       2.341565677858e-01       1.379746517297e+03 
       2.373640719674e-01       1.349609428884e+03 
       2.405715777214e-01       1.322657894772e+03 
       2.437790849854e-01       1.297962798584e+03 
       2.469865937002e-01       1.274576928507e+03 
       2.501941038097e-01       1.251635267434e+03 
       2.534016152605e-01       1.228436323975e+03 
       2.566091280020e-01       1.204478708170e+03 
       2.598166419862e-01       1.179479679607e+03 
       2.630241571673e-01       1.153361608194e+03 
       2.662316735018e-01       1.126225555606e+03 
       2.694391909482e-01       1.098325787564e+03 
       2.726467094672e-01       1.070036371743e+03 
       2.758542290209e-01       1.041814866494e+03 
       2.790617495737e-01       1.014146712710e+03 
       2.822692710911e-01       9.874918108096e+02 
       2.854767935406e-01       9.622282773716e+02 
       2.886843168908e-01       9.386114384673e+02 
       2.918918411120e-01       9.167585743167e+02 
       2.950993661756e-01       8.966533276132e+02 
       2.983068920542e-01       8.781708481397e+02 
       3.015144187217e-01       8.611119344352e+02 
       3.047219461530e-01       8.452325784424e+02 
       3.079294743243e-01       8.302648470951e+02 
       3.111370032124e-01       8.159375149809e+02 
       3.143445327953e-01       8.019867855678e+02 
       3.175520630519e-01       7.881742847550e+02 
       3.207595939618e-01       7.743087890980e+02 
       3.239671255055e-01       7.602602820661e+02 
       3.271746576644e-01       7.459758319923e+02 
       3.303821904204e-01       7.314751411023e+02 
       3.335897237561e-01       7.168382917116e+02 
       3.367972576551e-01       7.021848222775e+02 
       3.400047921012e-01       6.876511050172e+02 
       3.432123270790e-01       6.733699487076e+02 
       3.464198625737e-01       6.594618305895e+02 
       3.496273985710e-01       6.460297255149e+02 
       3.528349350571e-01       6.331547464018e+02 
       3.560424720188e-01       6.208935188708e+02 
       3.592500094433e-01       6.092722569951e+02 
       3.624575473182e-01       5.982823593876e+02 
       3.656650856317e-01       5.878780967618e+02 
       3.688726243721e-01       5.779830850686e+02 
       3.720801635285e-01       5.685016255481e+02 
       3.752877030902e-01       5.593342647445e+02 
       3.784952430467e-01       5.503898023896e+02 
       3.817027833881e-01       5.415958977109e+02 
       3.849103241048e-01       5.328989202266e+02 
       3.881178651873e-01       5.242638923898e+02 
       3.913254066267e-01       5.156705207451e+02 
       3.945329484142e-01       5.071103835332e+02 
       3.977404905414e-01       4.985878411198e+02 
       4.009480330001e-01       4.901208442349e+02 
       4.041555757823e-01       4.817396865414e+02 
       4.073631188803e-01       4.734841156490e+02 
       4.105706622869e-01       4.653964392342e+02 
       4.137782059946e-01       4.575134344705e+02 
       4.169857499967e-01       4.498612668140e+02 
       4.201932942862e-01       4.424528367893e+02 
       4.234008388567e-01       4.352897263451e+02 
       4.266083837018e-01       4.283663273897e+02 
       4.298159288153e-01       4.216731347936e+02 
       4.330234741912e-01       4.151986821548e+02 
       4.362310198237e-01       4.089288315947e+02 
       4.394385657072e-01       4.028452014258e+02 
       4.426461118363e-01       3.969237849621e+02 
       4.458536582054e-01       3.911371205125e+02 
       4.490612048097e-01       3.854575858823e+02 
       4.522687516439e-01       3.798621865495e+02 
       4.554762987032e-01       3.743354641873e+02 
       4.586838459830e-01       3.688706570149e+02 
       4.618913934785e-01       3.634678074493e+02 
       4.650989411853e-01       3.581306772325e+02 
       4.683064890990e-01       3.528640942434e+02 
       4.715140372155e-01       3.476730731261e+02 
       4.747215855305e-01       3.425631906233e+02 
       4.779291340401e-01       3.375418029057e+02 
       4.811366827404e-01       3.326189197914e+02 
       4.843442316275e-01       3.278057015349e+02 
       4.875517806978e-01       3.231119556427e+02 
       4.907593299477e-01       3.185431531885e+02 
       4.939668793736e-01       3.140988734431e+02 
       4.971744289722e-01       3.097728856715e+02 
       5.003819787400e-01       3.055549698040e+02 
       5.035895286739e-01       3.014341555927e+02 
       5.067970787708e-01       2.974007683154e+02 
       5.100046290274e-01       2.934471934310e+02 
       5.132121794408e-01       2.895674284677e+02 
       5.164197300081e-01       2.857555227064e+02 
       5.196272807265e-01       2.820050759573e+02 
       5.228348315930e-01       2.783095399483e+02 
       5.260423826051e-01       2.746635647829e+02 
       5.292499337600e-01       2.710646813106e+02 
       5.324574850552e-01       2.675141048213e+02 
       5.356650364881e-01       2.640157952028e+02 
       5.388725880563e-01       2.605749171193e+02 
       5.420801397574e-01       2.571957262775e+02 
       5.452876915890e-01       2.538801471680e+02 
       5.484952435488e-01       2.506278295543e+02 
       5.517027956346e-01       2.474370890352e+02 
       5.549103478441e-01       2.443066048824e+02 
       5.581179001753e-01       2.412358439520e+02 
       5.613254526261e-01       2.382253014529e+02 
       5.645330051943e-01       2.352753459574e+02 
       5.677405578781e-01       2.323849570296e+02 
       5.709481106754e-01       2.295510811020e+02 
       5.741556635844e-01       2.267693175792e+02 
       5.773632166032e-01       2.240347046681e+02 
       5.805707697299e-01       2.213434609248e+02 
       5.837783229628e-01       2.186935379226e+02 
       5.869858763001e-01       2.160844589371e+02 
       5.901934297402e-01       2.135164599842e+02 
       5.934009832813e-01       2.109892179835e+02 
       5.966085369218e-01       2.085014928886e+02 
       5.998160906601e-01       2.060511393663e+02 
       6.030236444947e-01       2.036362297074e+02 
       6.062311984240e-01       2.012559720655e+02 
       6.094387524466e-01       1.989110027976e+02 
       6.126463065609e-01       1.966030976122e+02 
       6.158538607655e-01       1.943341633537e+02 
       6.190614150590e-01       1.921050682199e+02 
       6.222689694400e-01       1.899152171239e+02 
       6.254765239073e-01       1.877628757565e+02 
       6.286840784593e-01       1.856458087498e+02 
       6.318916330950e-01       1.835624029145e+02 
       6.350991878129e-01       1.815120308521e+02 
       6.383067426119e-01       1.794948292481e+02 
       6.415142974908e-01       1.775109260616e+02 
       6.447218524482e-01       1.755597234801e+02 
       6.479294074831e-01       1.736396818650e+02 
       6.511369625944e-01       1.717485096650e+02 
       6.543445177808e-01       1.698840355694e+02 
       6.575520730414e-01       1.680450418930e+02 
       6.607596283749e-01       1.662313620980e+02 
       6.639671837804e-01       1.644437469075e+02 
       6.671747392568e-01       1.626829898313e+02 
       6.703822948031e-01       1.609492708397e+02 
       6.735898504182e-01       1.592418775432e+02 
       6.767974061013e-01       1.575594749354e+02 
       6.800049618513e-01       1.559007606526e+02 
       6.832125176673e-01       1.542650724609e+02 
       6.864200735484e-01       1.526526431405e+02 
       6.896276294937e-01       1.510642209187e+02 
       6.928351855022e-01       1.495004192520e+02 
       6.960427415731e-01       1.479612384064e+02 
       6.992502977055e-01       1.464457444487e+02 
       7.024578538986e-01       1.449524121976e+02 
       7.056654101516e-01       1.434798607471e+02 
       7.088729664636e-01       1.420271919932e+02 
       7.120805228338e-01       1.405943675155e+02 
       7.152880792615e-01       1.391817688712e+02 
       7.184956357459e-01       1.377897604546e+02 
       7.217031922863e-01       1.364181457334e+02 
       7.249107488818e-01       1.350660726106e+02 
       7.281183055317e-01       1.337322715141e+02 
       7.313258622354e-01       1.324156926550e+02 
       7.345334189921e-01       1.311158129459e+02 
       7.377409758012e-01       1.298328486692e+02 
       7.409485326619e-01       1.285674226181e+02 
       7.441560895735e-01       1.273200224648e+02 
       7.473636465356e-01       1.260906009424e+02 
       7.505712035473e-01       1.248784567871e+02 
       7.537787606080e-01       1.236825551240e+02 
       7.569863177172e-01       1.225019754203e+02 
       7.601938748741e-01       1.213362914146e+02 
       7.634014320783e-01       1.201856790020e+02 
       7.666089893291e-01       1.190506012916e+02 
       7.698165466259e-01       1.179313713566e+02 
       8.463156575480e-01       9.509377603835e+01 
       9.600888598910e-01       7.121447786937e+01 
       1.143790604123e+00       4.743461628952e+01 
       1.477104874446e+00       2.591704552710e+01 
