# Matter power spectrum P(k) at redshift z=0
# for k=1.04018e-05 to 1.4771 h/Mpc,
# number of wavenumbers equal to 614
#    1:k (h/Mpc)              2:P (Mpc/h)^3        
       1.040175925610e-05       4.919780053819e+01 
       2.325725832986e-05       1.071434712864e+02 
       3.615771495291e-05       1.641849250995e+02 
       4.913770134233e-05       2.208916143019e+02 
       6.223235866076e-05       2.775939736142e+02 
       7.547770912784e-05       3.345435847815e+02 
       8.891097806537e-05       3.919581601878e+02 
       1.025709301444e-04       4.500400466743e+02 
       1.164982241345e-04       5.089857764888e+02 
       1.307357904903e-04       5.689919096186e+02 
       1.453292361151e-04       6.302591419657e+02 
       1.603272805874e-04       6.929955461109e+02 
       1.757822279596e-04       7.574193702523e+02 
       1.917504778822e-04       8.236214566941e+02 
       2.082930791631e-04       8.921185265814e+02 
       2.254763278234e-04       9.630443962410e+02 
       2.433724100870e-04       1.036683358998e+03 
       2.620600883280e-04       1.113342496828e+03 
       2.816254245386e-04       1.193354228149e+03 
       3.021625310330e-04       1.277078824682e+03 
       3.237743315214e-04       1.364906822287e+03 
       3.465733069522e-04       1.457261204688e+03 
       3.706821892768e-04       1.554599208002e+03 
       3.962345522711e-04       1.657413516511e+03 
       4.233752317646e-04       1.766286328995e+03 
       4.522604885736e-04       1.881508870587e+03 
       4.830578074042e-04       2.004038268691e+03 
       5.159452064235e-04       2.134369790316e+03 
       5.511099190558e-04       2.272896213081e+03 
       5.887463075275e-04       2.420761676870e+03 
       6.290528839447e-04       2.577967314630e+03 
       6.722283570696e-04       2.745603579283e+03 
       7.184666979140e-04       2.924356543785e+03 
       7.679513268907e-04       3.114503044887e+03 
       8.208486635457e-04       3.316464411547e+03 
       8.773014297000e-04       3.530601120544e+03 
       9.374222294461e-04       3.756997695876e+03 
       1.001288008904e-03       3.995890147005e+03 
       1.068935991367e-03       4.246621502749e+03 
       1.140361571142e-03       4.509189507086e+03 
       1.215518439860e-03       4.783081713053e+03 
       1.294320948910e-03       5.067607834644e+03 
       1.376648437672e-03       5.361886005880e+03 
       1.462351038017e-03       5.665095452616e+03 
       1.477104874446e-03       5.716994709635e+03 
       1.551256342979e-03       5.976295251057e+03 
       1.643176314406e-03       6.294410361750e+03 
       1.737913885037e-03       6.618367358198e+03 
       1.835268850474e-03       6.947372280916e+03 
       1.935042806936e-03       7.280236692149e+03 
       2.037043039176e-03       7.616182429494e+03 
       2.141085379978e-03       7.954353499895e+03 
       2.246996141149e-03       8.293946361321e+03 
       2.354613258321e-03       8.634282870361e+03 
       2.463786805754e-03       8.974605957897e+03 
       2.574379031600e-03       9.314382230499e+03 
       2.686264047031e-03       9.653109786125e+03 
       2.799327280566e-03       9.990311236319e+03 
       2.913464786072e-03       1.032557196466e+04 
       3.028582471893e-03       1.065853240626e+04 
       3.144595300495e-03       1.098887586801e+04 
       3.261426493318e-03       1.131630345240e+04 
       3.379006764014e-03       1.164061021471e+04 
       3.497273594602e-03       1.196151550080e+04 
       3.616170562641e-03       1.227890352349e+04 
       3.735646723075e-03       1.259260867134e+04 
       3.855656045230e-03       1.290249677910e+04 
       3.976156903448e-03       1.320843715255e+04 
       4.097111618546e-03       1.351033729503e+04 
       4.218486046579e-03       1.380814541100e+04 
       4.340249211045e-03       1.410176510520e+04 
       4.462372974589e-03       1.439116767425e+04 
       4.584831746366e-03       1.467631022031e+04 
       4.707602221401e-03       1.495715220915e+04 
       4.830663148553e-03       1.523368894102e+04 
       4.953995123953e-03       1.550588152802e+04 
       5.077580407095e-03       1.577373533243e+04 
       5.201402757022e-03       1.603724907616e+04 
       5.325447286326e-03       1.629641740799e+04 
       5.449700330933e-03       1.655127873060e+04 
       5.574149333861e-03       1.680278392098e+04 
       5.698782741360e-03       1.705179788613e+04 
       5.823589910005e-03       1.729389596647e+04 
       5.948561023522e-03       1.752846543895e+04 
       6.073687018208e-03       1.776538801227e+04 
       6.198959516018e-03       1.799478717210e+04 
       6.324370764417e-03       1.821618646752e+04 
       6.449913582291e-03       1.843725831863e+04 
       6.575581311205e-03       1.865423792264e+04 
       6.701367771461e-03       1.886826175708e+04 
       6.827267222410e-03       1.907707303400e+04 
       6.953274326575e-03       1.928187848201e+04 
       7.079384117173e-03       1.948270465365e+04 
       7.205591968689e-03       1.967958748882e+04 
       7.331893570163e-03       1.987256339862e+04 
       7.458284900939e-03       2.006166915941e+04 
       7.584762208596e-03       2.024694197219e+04 
       7.711321988863e-03       2.042841921353e+04 
       7.837960967308e-03       2.060613677709e+04 
       7.964676082624e-03       2.078013595508e+04 
       8.091464471372e-03       2.095045292135e+04 
       8.218323454014e-03       2.111712817788e+04 
       8.345250522139e-03       2.128020188436e+04 
       8.472243326755e-03       2.143607542233e+04 
       8.599299667543e-03       2.159279438644e+04 
       8.726417483001e-03       2.174418526438e+04 
       8.853594841380e-03       2.189329216836e+04 
       8.980829932347e-03       2.203895830817e+04 
       9.108121059314e-03       2.218124398677e+04 
       9.235466632366e-03       2.231972820726e+04 
       9.362865161740e-03       2.245567721038e+04 
       9.490315251810e-03       2.258710878535e+04 
       9.617815595529e-03       2.271595518436e+04 
       9.745364969289e-03       2.284195026861e+04 
       9.872962228174e-03       2.296480449931e+04 
       1.000060630156e-02       2.308450278543e+04 
       1.012829618906e-02       2.320021073818e+04 
       1.025603095670e-02       2.331487012356e+04 
       1.038380973349e-02       2.342529713628e+04 
       1.051163170812e-02       2.353277971443e+04 
       1.063949612600e-02       2.363524664963e+04 
       1.076740228639e-02       2.373692470422e+04 
       1.089534953989e-02       2.383571288196e+04 
       1.102333728596e-02       2.393164194141e+04 
       1.115136497068e-02       2.402474461432e+04 
       1.127943208471e-02       2.411505325438e+04 
       1.140753816129e-02       2.420259990714e+04 
       1.153568277450e-02       2.428741629159e+04 
       1.166386553750e-02       2.436768783144e+04 
       1.179208610104e-02       2.444714933270e+04 
       1.192034415196e-02       2.452397445016e+04 
       1.204863941189e-02       2.459819394343e+04 
       1.217697163592e-02       2.466983825762e+04 
       1.230534061148e-02       2.473893845424e+04 
       1.243374615728e-02       2.480552480816e+04 
       1.256218812222e-02       2.486962748892e+04 
       1.269066638453e-02       2.493127649637e+04 
       1.281918085086e-02       2.499050052939e+04 
       1.294773145551e-02       2.504732933084e+04 
       1.307631815962e-02       2.510178970365e+04 
       1.320494095057e-02       2.515127537051e+04 
       1.333359984128e-02       2.520101560007e+04 
       1.346229486963e-02       2.524859039257e+04 
       1.359102609796e-02       2.529317746840e+04 
       1.371979361254e-02       2.533600277173e+04 
       1.384859752313e-02       2.537690039544e+04 
       1.397743796255e-02       2.541558834264e+04 
       1.410631508635e-02       2.545235150080e+04 
       1.423522907242e-02       2.548600374685e+04 
       1.436418012072e-02       2.551837169306e+04 
       1.449316845301e-02       2.554867099013e+04 
       1.462219431257e-02       2.557764164743e+04 
       1.475125796404e-02       2.560220273242e+04 
       1.477104874446e-02       2.560605100804e+04 
       1.488035969319e-02       2.562646424148e+04 
       1.500949980680e-02       2.564875969578e+04 
       1.513867863253e-02       2.566911425493e+04 
       1.526789651878e-02       2.568643374759e+04 
       1.539715383465e-02       2.570273450451e+04 
       1.552645096986e-02       2.571744040156e+04 
       1.565578833472e-02       2.573154372579e+04 
       1.578516636011e-02       2.574256218810e+04 
       1.591458549753e-02       2.574982018750e+04 
       1.604404621905e-02       2.575723452266e+04 
       1.617354901745e-02       2.576287485644e+04 
       1.630309440620e-02       2.576630135022e+04 
       1.643268291963e-02       2.576863838658e+04 
       1.656231511296e-02       2.576904446195e+04 
       1.669199156249e-02       2.576798359105e+04 
       1.682171286569e-02       2.576535733070e+04 
       1.695147964140e-02       2.576118716180e+04 
       1.708129252998e-02       2.575530544549e+04 
       1.721115219351e-02       2.574677615175e+04 
       1.734105931601e-02       2.573786749733e+04 
       1.747101460366e-02       2.572743889926e+04 
       1.760101878506e-02       2.571551543950e+04 
       1.773107261145e-02       2.570211820952e+04 
       1.786117685705e-02       2.568726571037e+04 
       1.799133231930e-02       2.566975429214e+04 
       1.812153981921e-02       2.565206539749e+04 
       1.825180020166e-02       2.563298476985e+04 
       1.838211433576e-02       2.561253325803e+04 
       1.851248311522e-02       2.559073155485e+04 
       1.864290745869e-02       2.556760257774e+04 
       1.877338831020e-02       2.554210888433e+04 
       1.890392663956e-02       2.551636612544e+04 
       1.903452344277e-02       2.548935501057e+04 
       1.916517974248e-02       2.546109543533e+04 
       1.929589658848e-02       2.543160714722e+04 
       1.942667505813e-02       2.540090974818e+04 
       1.955751625691e-02       2.536902270141e+04 
       1.968842131890e-02       2.533596502592e+04 
       1.981939140738e-02       2.530175617009e+04 
       1.995042771529e-02       2.526504298181e+04 
       2.008153146592e-02       2.522855188444e+04 
       2.021270391341e-02       2.519064638080e+04 
       2.034394634343e-02       2.515190811574e+04 
       2.047526007381e-02       2.511225477346e+04 
       2.060664645516e-02       2.507156170095e+04 
       2.073810687161e-02       2.502994374934e+04 
       2.086964274146e-02       2.498693664142e+04 
       2.100125551795e-02       2.494322342419e+04 
       2.113294668997e-02       2.489785159957e+04 
       2.126471778289e-02       2.485224066452e+04 
       2.139657035931e-02       2.480569628455e+04 
       2.152850601988e-02       2.475823567604e+04 
       2.166052640420e-02       2.471024295472e+04 
       2.179263319165e-02       2.466013384964e+04 
       2.192482810234e-02       2.461001899317e+04 
       2.205711289799e-02       2.455906885270e+04 
       2.218948938293e-02       2.450728631905e+04 
       2.232195940509e-02       2.445468759901e+04 
       2.245452485700e-02       2.440128901390e+04 
       2.258718767687e-02       2.434612706061e+04 
       2.271994984968e-02       2.429114200038e+04 
       2.285281340829e-02       2.423541190472e+04 
       2.298578043460e-02       2.417870690204e+04 
       2.311885306075e-02       2.412144287758e+04 
       2.325203347034e-02       2.406419425348e+04 
       2.338532389973e-02       2.400470702236e+04 
       2.351872663931e-02       2.394545837714e+04 
       2.365224403489e-02       2.388558932787e+04 
       2.378587848907e-02       2.382474172352e+04 
       2.391963246270e-02       2.376360101199e+04 
       2.405350847634e-02       2.370172333292e+04 
       2.418750911182e-02       2.363936202036e+04 
       2.432163701381e-02       2.357607784448e+04 
       2.445589489146e-02       2.351282322814e+04 
       2.459028552007e-02       2.344815267817e+04 
       2.472481174285e-02       2.338352724754e+04 
       2.485947647274e-02       2.331836743697e+04 
       2.499428269420e-02       2.325268660656e+04 
       2.512923346521e-02       2.318649796515e+04 
       2.526433191919e-02       2.311981446306e+04 
       2.539958126710e-02       2.305194507843e+04 
       2.553498479952e-02       2.298431397024e+04 
       2.567054588886e-02       2.291622646493e+04 
       2.580626799164e-02       2.284769501574e+04 
       2.594215465077e-02       2.277873191878e+04 
       2.607820949806e-02       2.270934922094e+04 
       2.621443625667e-02       2.263955901612e+04 
       2.635083874370e-02       2.256864851319e+04 
       2.648742087291e-02       2.249805960604e+04 
       2.662418665747e-02       2.242685453873e+04 
       2.676114021285e-02       2.235556617419e+04 
       2.689828575981e-02       2.228397934019e+04 
       2.703562762744e-02       2.221184710120e+04 
       2.717317025644e-02       2.213953697033e+04 
       2.731091820235e-02       2.206663911889e+04 
       2.744887613905e-02       2.199345161528e+04 
       2.758704886228e-02       2.192064593496e+04 
       2.772544129336e-02       2.184651935345e+04 
       2.786405848304e-02       2.177271795175e+04 
       2.800290561542e-02       2.169865048666e+04 
       2.814198801216e-02       2.162416944602e+04 
       2.828131113669e-02       2.154955250291e+04 
       2.842088059872e-02       2.147475782165e+04 
       2.856070215885e-02       2.139951282538e+04 
       2.870078173337e-02       2.132447304752e+04 
       2.884112539925e-02       2.124865750394e+04 
       2.898173939936e-02       2.117303375000e+04 
       2.912263014786e-02       2.109721851620e+04 
       2.926380423583e-02       2.102122041510e+04 
       2.940526843711e-02       2.094459967882e+04 
       2.954702971441e-02       2.086826263390e+04 
       2.968909522562e-02       2.079160969465e+04 
       2.983147233046e-02       2.071496160062e+04 
       2.997416859736e-02       2.063817153667e+04 
       3.011719181061e-02       2.056124717284e+04 
       3.026054997786e-02       2.048419602360e+04 
       3.040425133795e-02       2.040677932697e+04 
       3.054830436906e-02       2.032939275996e+04 
       3.069271779716e-02       2.025173626190e+04 
       3.083750060499e-02       2.017425970268e+04 
       3.098266204126e-02       2.009684017376e+04 
       3.112821163039e-02       2.001884332072e+04 
       3.127415918266e-02       1.994111355363e+04 
       3.142051480479e-02       1.986331134440e+04 
       3.156728891108e-02       1.978544279387e+04 
       3.171449223499e-02       1.970751379939e+04 
       3.186213584135e-02       1.962909770145e+04 
       3.201023113907e-02       1.955105385292e+04 
       3.215878989455e-02       1.947310463132e+04 
       3.230782424565e-02       1.939499389704e+04 
       3.245734671642e-02       1.931643538920e+04 
       3.260737023254e-02       1.923825186822e+04 
       3.275790813751e-02       1.915991600485e+04 
       3.290897420965e-02       1.908171097870e+04 
       3.306058268005e-02       1.900329687534e+04 
       3.321274825133e-02       1.892518077745e+04 
       3.336548611750e-02       1.884670252050e+04 
       3.351881198473e-02       1.876847015804e+04 
       3.367274209337e-02       1.869023969880e+04 
       3.382729324105e-02       1.861176539489e+04 
       3.398248280705e-02       1.853354996339e+04 
       3.413832877808e-02       1.845534689859e+04 
       3.429484977542e-02       1.837715932790e+04 
       3.445206508359e-02       1.829899014218e+04 
       3.460999468069e-02       1.822049367278e+04 
       3.476865927048e-02       1.814243027765e+04 
       3.492808031624e-02       1.806433698471e+04 
       3.508828007675e-02       1.798627204557e+04 
       3.524928164431e-02       1.790801541104e+04 
       3.541110898511e-02       1.783001580381e+04 
       3.557378698199e-02       1.775174778261e+04 
       3.573734147990e-02       1.767381246027e+04 
       3.590179933417e-02       1.759581933461e+04 
       3.606718846181e-02       1.751793428386e+04 
       3.623353789612e-02       1.743997883934e+04 
       3.640087784482e-02       1.736229345822e+04 
       3.656923975195e-02       1.728450856700e+04 
       3.673865636396e-02       1.720681464286e+04 
       3.690916180018e-02       1.712888617495e+04 
       3.708079162809e-02       1.705125250664e+04 
       3.725358294385e-02       1.697360010062e+04 
       3.742757445836e-02       1.689603589102e+04 
       3.760280658953e-02       1.681840789901e+04 
       3.777932156110e-02       1.674103436216e+04 
       3.795716350871e-02       1.666344699645e+04 
       3.813637859378e-02       1.658606489914e+04 
       3.831701512601e-02       1.650871463035e+04 
       3.849912369504e-02       1.643124355416e+04 
       3.868275731245e-02       1.635395189485e+04 
       3.886797156479e-02       1.627646088554e+04 
       3.905482477878e-02       1.619919897381e+04 
       3.924337819991e-02       1.612188116737e+04 
       3.943369618561e-02       1.604468548723e+04 
       3.962584641461e-02       1.596743070269e+04 
       3.981990011396e-02       1.589010392243e+04 
       4.001593230558e-02       1.581285209627e+04 
       4.021402207440e-02       1.573561948087e+04 
       4.041425286034e-02       1.565828377944e+04 
       4.061671277670e-02       1.558106720377e+04 
       4.082149495782e-02       1.550387060694e+04 
       4.102869793931e-02       1.542639378557e+04 
       4.123842607452e-02       1.534901329703e+04 
       4.145078999136e-02       1.527160179990e+04 
       4.166590709438e-02       1.519420061273e+04 
       4.188390211719e-02       1.511673702101e+04 
       4.210490773178e-02       1.503901629188e+04 
       4.232906522136e-02       1.496132389427e+04 
       4.255652522504e-02       1.488358944173e+04 
       4.278744856347e-02       1.480567532963e+04 
       4.302200715615e-02       1.472780012486e+04 
       4.326038504257e-02       1.464960818032e+04 
       4.350277952159e-02       1.457139975570e+04 
       4.374940242536e-02       1.449286197932e+04 
       4.400048154715e-02       1.441435538446e+04 
       4.425626224543e-02       1.433546899151e+04 
       4.451700925048e-02       1.425646825468e+04 
       4.478300870440e-02       1.417716376296e+04 
       4.505457047088e-02       1.409770708433e+04 
       4.533203075777e-02       1.401783741806e+04 
       4.561575510349e-02       1.393778536978e+04 
       4.590614178805e-02       1.385720847882e+04 
       4.620362574145e-02       1.377644166004e+04 
       4.650868303677e-02       1.369517320842e+04 
       4.682183607289e-02       1.361357250672e+04 
       4.714365957438e-02       1.353135670324e+04 
       4.747478756282e-02       1.344869605550e+04 
       4.781592148831e-02       1.336544161421e+04 
       4.816783975216e-02       1.328155883653e+04 
       4.853140890511e-02       1.319701966673e+04 
       4.890759687259e-02       1.311172518350e+04 
       4.929748864335e-02       1.302555019429e+04 
       4.970230496523e-02       1.293847426027e+04 
       5.012342472888e-02       1.285041146518e+04 
       5.056241189439e-02       1.276123997081e+04 
       5.102104803788e-02       1.267091123661e+04 
       5.150137187833e-02       1.257905947388e+04 
       5.200572750342e-02       1.248576272827e+04 
       5.253682346483e-02       1.239063146692e+04 
       5.309780547265e-02       1.229351326118e+04 
       5.369234609306e-02       1.219415151051e+04 
       5.432475562875e-02       1.209217902786e+04 
       5.500011916830e-02       1.198719919876e+04 
       5.572446544857e-02       1.187854459010e+04 
       5.650497326609e-02       1.176567567163e+04 
       5.735021982734e-02       1.164767336228e+04 
       5.827047090463e-02       1.152341675403e+04 
       5.927800168921e-02       1.139139085018e+04 
       6.038741402670e-02       1.124965027663e+04 
       6.161587115152e-02       1.109555166598e+04 
       6.298309364596e-02       1.092559737533e+04 
       6.451084442201e-02       1.073506153075e+04 
       6.622150194279e-02       1.051812818577e+04 
       6.813529054533e-02       1.026772579160e+04 
       7.026604969643e-02       9.976379160326e+03 
       7.261634499353e-02       9.637753165597e+03 
       7.517402639461e-02       9.249004803521e+03 
       7.791275644484e-02       8.813272996017e+03 
       8.079718612324e-02       8.340732416738e+03 
       8.379036083382e-02       7.847456980560e+03 
       8.685975451050e-02       7.352624875368e+03 
       8.998006970449e-02       6.875253963950e+03 
       9.313326848772e-02       6.431447195209e+03 
       9.630722366874e-02       6.032839948285e+03 
       9.949408952392e-02       5.685935024923e+03 
       1.026889130577e-01       5.392371853902e+03 
       1.058886149380e-01       5.149563951917e+03 
       1.090912986565e-01       4.951627668966e+03 
       1.122958028321e-01       4.790344557642e+03 
       1.155014186539e-01       4.656117725228e+03 
       1.187077143353e-01       4.538898385746e+03 
       1.219144270775e-01       4.429066588471e+03 
       1.251213969561e-01       4.318253491097e+03 
       1.283285266028e-01       4.200028018139e+03 
       1.315357566663e-01       4.070364996514e+03 
       1.347430508963e-01       3.927816279236e+03 
       1.379503870824e-01       3.773362595213e+03 
       1.411577515514e-01       3.609974605679e+03 
       1.443651358267e-01       3.441982489153e+03 
       1.475725345991e-01       3.274364886917e+03 
       1.477104874446e-01       3.267241194512e+03 
       1.507799444947e-01       3.112071753817e+03 
       1.539873633257e-01       2.959459017735e+03 
       1.571947896351e-01       2.819889510373e+03 
       1.604022224190e-01       2.695511549097e+03 
       1.636096609577e-01       2.587192489222e+03 
       1.668171047120e-01       2.494596022254e+03 
       1.700245532598e-01       2.416350318437e+03 
       1.732320062569e-01       2.350278545810e+03 
       1.764394634125e-01       2.293669379526e+03 
       1.796469244739e-01       2.243550923177e+03 
       1.828543892168e-01       2.197131124906e+03 
       1.860618574387e-01       2.152008206432e+03 
       1.892693289552e-01       2.105431578201e+03 
       1.924768035962e-01       2.055715864843e+03 
       1.956842812046e-01       2.001932617852e+03 
       1.988917616343e-01       1.943950668590e+03 
       2.020992447489e-01       1.882371860382e+03 
       2.053067304212e-01       1.818358555047e+03 
       2.085142185320e-01       1.753393549481e+03 
       2.117217089693e-01       1.689044381719e+03 
       2.149292016281e-01       1.626757780798e+03 
       2.181366964097e-01       1.567738280406e+03 
       2.213441932210e-01       1.512884192254e+03 
       2.245516919745e-01       1.462771095752e+03 
       2.277591925875e-01       1.417651325250e+03 
       2.309666949819e-01       1.377471136312e+03 
       2.341741990841e-01       1.341884041988e+03 
       2.373817048244e-01       1.310284620215e+03 
       2.405892121368e-01       1.281870319233e+03 
       2.437967209589e-01       1.255730012174e+03 
       2.470042312315e-01       1.230939143972e+03 
       2.502117428984e-01       1.206659799093e+03 
       2.534192559064e-01       1.182215823054e+03 
       2.566267702048e-01       1.157130428852e+03 
       2.598342857457e-01       1.131139129718e+03 
       2.630418024832e-01       1.104172013747e+03 
       2.662493203738e-01       1.076333361969e+03 
       2.694568393762e-01       1.047868595638e+03 
       2.726643594509e-01       1.019140165857e+03 
       2.758718805602e-01       9.905821283561e+02 
       2.790794026683e-01       9.626547650894e+02 
       2.822869257409e-01       9.357893579560e+02 
       2.854944497453e-01       9.103378678661e+02 
       2.887019746504e-01       8.865338021263e+02 
       2.919095004262e-01       8.644782197025e+02 
       2.951170270443e-01       8.441460917575e+02 
       2.983245544772e-01       8.254122436848e+02 
       3.015320826990e-01       8.080822490560e+02 
       3.047396116844e-01       7.919199585562e+02 
       3.079471414096e-01       7.766708405953e+02 
       3.111546718516e-01       7.620772145272e+02 
       3.143622029882e-01       7.478897268346e+02 
       3.175697347984e-01       7.338857180631e+02 
       3.207772672618e-01       7.198869809507e+02 
       3.239848003589e-01       7.057733815561e+02 
       3.271923340711e-01       6.914956013060e+02 
       3.303998683802e-01       6.770727224228e+02 
       3.336074032691e-01       6.625798959501e+02 
       3.368149387211e-01       6.481274118786e+02 
       3.400224747201e-01       6.338387513276e+02 
       3.432300112507e-01       6.198360717087e+02 
       3.464375482982e-01       6.062282387304e+02 
       3.496450858482e-01       5.931063375939e+02 
       3.528526238869e-01       5.805429065939e+02 
       3.560601624012e-01       5.685868034499e+02 
       3.592677013781e-01       5.572590895775e+02 
       3.624752408054e-01       5.465483678218e+02 
       3.656827806712e-01       5.364109587740e+02 
       3.688903209639e-01       5.267744454518e+02 
       3.720978616726e-01       5.175494023892e+02 
       3.753054027864e-01       5.086437501982e+02 
       3.785129442950e-01       4.999736380362e+02 
       3.817204861885e-01       4.914717749120e+02 
       3.849280284571e-01       4.830891874448e+02 
       3.881355710916e-01       4.747935567771e+02 
       3.913431140829e-01       4.665652695719e+02 
       3.945506574223e-01       4.583968181613e+02 
       3.977582011013e-01       4.502908617257e+02 
       4.009657451117e-01       4.422630494634e+02 
       4.041732894456e-01       4.343400098079e+02 
       4.073808340954e-01       4.265565857731e+02 
       4.105883790535e-01       4.189498299516e+02 
       4.137959243129e-01       4.115519432316e+02 
       4.170034698665e-01       4.043850749447e+02 
       4.202110157076e-01       3.974597849399e+02 
       4.234185618296e-01       3.907762088103e+02 
       4.266261082261e-01       3.843285039380e+02 
       4.298336548910e-01       3.781070753567e+02 
       4.330412018183e-01       3.721008250054e+02 
       4.362487490022e-01       3.662960036194e+02 
       4.394562964370e-01       3.606753817499e+02 
       4.426638441173e-01       3.552168308785e+02 
       4.458713920378e-01       3.498950614390e+02 
       4.490789401933e-01       3.446846676811e+02 
       4.522864885787e-01       3.395646023649e+02 
       4.554940371892e-01       3.345203177040e+02 
       4.587015860201e-01       3.295454983898e+02 
       4.619091350668e-01       3.246394352708e+02 
       4.651166843247e-01       3.198050449078e+02 
       4.683242337895e-01       3.150461347503e+02 
       4.715317834570e-01       3.103664568284e+02 
       4.747393333231e-01       3.057705070516e+02 
       4.779468833837e-01       3.012643845331e+02 
       4.811544336350e-01       2.968564823060e+02 
       4.843619840731e-01       2.925561340095e+02 
       4.875695346944e-01       2.883717828446e+02 
       4.907770854952e-01       2.843077498714e+02 
       4.939846364721e-01       2.803631931444e+02 
       4.971921876215e-01       2.765320095798e+02 
       5.003997389403e-01       2.728048073144e+02 
       5.036072904250e-01       2.691713761102e+02 
       5.068148420727e-01       2.656227213542e+02 
       5.100223938802e-01       2.621517498258e+02 
       5.132299458444e-01       2.587526600697e+02 
       5.164374979625e-01       2.554198765524e+02 
       5.196450502316e-01       2.521472866014e+02 
       5.228526026490e-01       2.489286972293e+02 
       5.260601552118e-01       2.457591211318e+02 
       5.292677079175e-01       2.426359893199e+02 
       5.324752607634e-01       2.395600119332e+02 
       5.356828137470e-01       2.365345021415e+02 
       5.388903668659e-01       2.335638306043e+02 
       5.420979201177e-01       2.306514745281e+02 
       5.453054735000e-01       2.277989377395e+02 
       5.485130270104e-01       2.250056163860e+02 
       5.517205806468e-01       2.222698080323e+02 
       5.549281344070e-01       2.195900015637e+02 
       5.581356882889e-01       2.169656134104e+02 
       5.613432422902e-01       2.143968739402e+02 
       5.645507964091e-01       2.118838989789e+02 
       5.677583506435e-01       2.094255710381e+02 
       5.709659049914e-01       2.070190588496e+02 
       5.741734594509e-01       2.046600958501e+02 
       5.773810140203e-01       2.023441240555e+02 
       5.805885686975e-01       2.000675379079e+02 
       5.837961234810e-01       1.978283312377e+02 
       5.870036783688e-01       1.956259542767e+02 
       5.902112333594e-01       1.934604217764e+02 
       5.934187884510e-01       1.913313540412e+02 
       5.966263436421e-01       1.892374079048e+02 
       5.998338989309e-01       1.871765619313e+02 
       6.030414543160e-01       1.851469294144e+02 
       6.062490097958e-01       1.831476153654e+02 
       6.094565653688e-01       1.811791304000e+02 
       6.126641210335e-01       1.792429850234e+02 
       6.158716767886e-01       1.773407809832e+02 
       6.190792326326e-01       1.754732485362e+02 
       6.222867885641e-01       1.736397654009e+02 
       6.254943445817e-01       1.718386009704e+02 
       6.287019006842e-01       1.700676961527e+02 
       6.319094568703e-01       1.683254925023e+02 
       6.351170131387e-01       1.666113452773e+02 
       6.383245694881e-01       1.649253042909e+02 
       6.415321259173e-01       1.632674412690e+02 
       6.447396824252e-01       1.616371635004e+02 
       6.479472390105e-01       1.600329489741e+02 
       6.511547956721e-01       1.584526690975e+02 
       6.543623524089e-01       1.568942965697e+02 
       6.575699092198e-01       1.553566089553e+02 
       6.607774661037e-01       1.538394603304e+02 
       6.639850230596e-01       1.523434663298e+02 
       6.671925800863e-01       1.508693386020e+02 
       6.704001371829e-01       1.494172103768e+02 
       6.736076943484e-01       1.479863944281e+02 
       6.768152515819e-01       1.465756203719e+02 
       6.800228088822e-01       1.451836528197e+02 
       6.832303662485e-01       1.438098699731e+02 
       6.864379236799e-01       1.424544576431e+02 
       6.896454811755e-01       1.411180995635e+02 
       6.928530387343e-01       1.398013927580e+02 
       6.960605963555e-01       1.385042891793e+02 
       6.992681540383e-01       1.372259216511e+02 
       7.024757117817e-01       1.359649014730e+02 
       7.056832695849e-01       1.347198725492e+02 
       7.088908274472e-01       1.334900467338e+02 
       7.120983853678e-01       1.322753488834e+02 
       7.153059433457e-01       1.310761894045e+02 
       7.185135013804e-01       1.298928990707e+02 
       7.217210594710e-01       1.287253109075e+02 
       7.249286176168e-01       1.275726203428e+02 
       7.281361758170e-01       1.264336599857e+02 
       7.313437340709e-01       1.253074246115e+02 
       7.345512923779e-01       1.241934745887e+02 
       7.377588507372e-01       1.230920229562e+02 
       7.409664091481e-01       1.220036669182e+02 
       7.441739676101e-01       1.209289108443e+02 
       7.473815261223e-01       1.198677199575e+02 
       7.505890846843e-01       1.188194673258e+02 
       7.537966432952e-01       1.177831915136e+02 
       7.570042019546e-01       1.167580444775e+02 
       7.602117606618e-01       1.157436636405e+02 
       7.634193194162e-01       1.147402379729e+02 
       7.666268782172e-01       1.137482428586e+02 
       7.698344370642e-01       1.127680332927e+02 
       7.730419959567e-01       1.117994817282e+02 
       7.762495548940e-01       1.108419423308e+02 
       8.554344608926e-01       9.003904267036e+01 
       9.743658550263e-01       6.661721568438e+01 
       1.166988506694e+00       4.248092520647e+01 
       1.477104874446e+00       2.470290284835e+01 
