# Matter power spectrum P(k) at redshift z=0
# for k=9.63987e-06 to 1.69422 h/Mpc,
# number of wavenumbers equal to 561
#    1:k (h/Mpc)              2:P (Mpc/h)^3        
       9.639867365113e-06       6.079660916957e+01 
       2.213295579820e-05       1.352330887726e+02 
       3.466613298478e-05       2.082108211993e+02 
       4.727111250025e-05       2.805635024097e+02 
       5.998009127607e-05       3.527457578142e+02 
       7.282601972134e-05       4.250884098894e+02 
       8.584287986076e-05       4.978680849914e+02 
       9.906597498980e-05       5.713351422741e+02 
       1.125322343753e-04       6.457276338745e+02 
       1.262805365603e-04       7.228601307424e+02 
       1.403520548480e-04       7.999667325112e+02 
       1.547906285112e-04       8.787836751037e+02 
       1.696431631699e-04       9.594191316486e+02 
       1.849600635454e-04       1.042243392302e+03 
       2.007957013735e-04       1.128330252768e+03 
       2.172089205503e-04       1.216326825773e+03 
       2.342635804817e-04       1.307349542886e+03 
       2.520291369596e-04       1.402191891127e+03 
       2.705812575113e-04       1.501588494146e+03 
       2.900024648384e-04       1.604013738285e+03 
       3.103827974094e-04       1.710675415573e+03 
       3.318204701985e-04       1.823409885165e+03 
       3.544225106780e-04       1.942175670600e+03 
       3.783053352100e-04       2.067550460105e+03 
       4.035952188161e-04       2.197412889260e+03 
       4.304285970665e-04       2.336883483497e+03 
       4.589521230725e-04       2.484989741282e+03 
       4.893223865552e-04       2.638602124447e+03 
       5.217051878785e-04       2.804370315015e+03 
       5.562742511707e-04       2.981092482770e+03 
       5.932092618812e-04       3.167480616495e+03 
       6.326931310117e-04       3.365602059723e+03 
       6.749084267456e-04       3.575738337756e+03 
       7.200329788071e-04       3.798492011857e+03 
       7.682347524753e-04       4.035902802686e+03 
       8.196662022093e-04       4.286749321436e+03 
       8.744584353117e-04       4.551701850234e+03 
       9.327156214473e-04       4.831233041048e+03 
       9.945101465364e-04       5.124919538575e+03 
       1.059879004011e-03       5.432528545559e+03 
       1.128821828582e-03       5.753561802481e+03 
       1.201300812803e-03       6.087520127339e+03 
       1.277242531780e-03       6.433447472870e+03 
       1.356541478795e-03       6.790333955274e+03 
       1.439064929984e-03       7.156863202620e+03 
       1.524658643764e-03       7.532420664615e+03 
       1.613152874076e-03       7.915342940105e+03 
       1.704368227290e-03       8.304466515563e+03 
       1.798120996624e-03       8.698763940490e+03 
       1.894227735397e-03       9.096747058000e+03 
       1.992508954667e-03       9.497438929012e+03 
       2.092791933971e-03       9.899776434578e+03 
       2.194912707744e-03       1.030286958861e+04 
       2.298717334316e-03       1.070554404196e+04 
       2.404062573846e-03       1.110765997060e+04 
       2.510816102823e-03       1.150813477229e+04 
       2.618856382494e-03       1.190619057280e+04 
       2.728072282296e-03       1.230137594116e+04 
       2.838362541020e-03       1.269324587235e+04 
       2.949635130611e-03       1.308114147165e+04 
       3.061806571635e-03       1.346523122295e+04 
       3.174801236021e-03       1.384469430722e+04 
       3.288550661931e-03       1.421951416198e+04 
       3.402992897232e-03       1.458930208658e+04 
       3.518071881717e-03       1.495389942839e+04 
       3.633736873596e-03       1.531310702548e+04 
       3.749941922513e-03       1.566695259093e+04 
       3.866645389056e-03       1.601510839116e+04 
       3.983809509263e-03       1.635766751388e+04 
       4.101400001681e-03       1.669443375318e+04 
       4.219385714041e-03       1.702539520831e+04 
       4.337738306341e-03       1.735047190524e+04 
       4.456431967105e-03       1.766976505325e+04 
       4.575443159675e-03       1.798317758044e+04 
       4.694750395510e-03       1.829068122671e+04 
       4.814334031716e-03       1.859225744071e+04 
       4.934176090233e-03       1.888801971640e+04 
       5.054260096324e-03       1.917808168697e+04 
       5.174570934265e-03       1.946185351879e+04 
       5.295094718330e-03       1.973877085323e+04 
       5.415818677368e-03       2.001003529299e+04 
       5.536731051466e-03       2.027010479471e+04 
       5.657820999339e-03       2.053022063125e+04 
       5.779078515270e-03       2.078484648012e+04 
       5.900494354522e-03       2.103409806066e+04 
       6.022059966302e-03       2.129160378810e+04 
       6.143767433433e-03       2.153036899020e+04 
       6.265609418017e-03       2.176394254182e+04 
       6.387579112418e-03       2.199205889160e+04 
       6.509670195017e-03       2.221543846241e+04 
       6.631876790206e-03       2.243340677837e+04 
       6.754193432187e-03       2.264921818808e+04 
       6.876615032176e-03       2.284184232904e+04 
       6.999136848643e-03       2.305165617689e+04 
       7.121754460297e-03       2.325122925216e+04 
       7.244463741520e-03       2.344635853653e+04 
       7.367260840007e-03       2.363715184345e+04 
       7.490142156395e-03       2.381380211634e+04 
       7.613104325680e-03       2.399607686261e+04 
       7.736144200248e-03       2.417480123083e+04 
       7.859258834361e-03       2.433764378011e+04 
       7.982445469970e-03       2.450892613872e+04 
       8.105701523708e-03       2.466289593527e+04 
       8.229024574975e-03       2.482482330075e+04 
       8.352412354998e-03       2.497212274018e+04 
       8.475862736782e-03       2.511506283348e+04 
       8.599373725874e-03       2.526858868169e+04 
       8.722943451857e-03       2.540871319041e+04 
       8.846570160524e-03       2.554073040225e+04 
       8.970252206657e-03       2.567423570863e+04 
       9.093988047367e-03       2.578992701346e+04 
       9.217776235949e-03       2.592249311579e+04 
       9.341615416197e-03       2.603640651412e+04 
       9.465504317156e-03       2.615705015156e+04 
       9.589441748256e-03       2.626617689571e+04 
       9.713426594818e-03       2.636732108600e+04 
       9.837457813877e-03       2.647132571322e+04 
       9.961534430325e-03       2.657098973828e+04 
       1.008565553332e-02       2.667533167637e+04 
       1.020982027296e-02       2.676326037085e+04 
       1.033402785719e-02       2.685401161559e+04 
       1.045827754895e-02       2.694366167865e+04 
       1.058256866348e-02       2.702223595146e+04 
       1.070690056585e-02       2.710193687486e+04 
       1.083127266866e-02       2.717294155591e+04 
       1.095568442991e-02       2.724875995761e+04 
       1.108013535096e-02       2.731662962836e+04 
       1.120462497472e-02       2.738243399063e+04 
       1.132915288388e-02       2.744706152335e+04 
       1.145371869932e-02       2.751337028549e+04 
       1.157832207864e-02       2.756688687335e+04 
       1.170296271471e-02       2.762489308023e+04 
       1.182764033439e-02       2.767498180731e+04 
       1.195235469737e-02       2.772112013242e+04 
       1.207710559497e-02       2.776760059139e+04 
       1.220189284915e-02       2.780668723413e+04 
       1.232671631153e-02       2.784262533078e+04 
       1.245157586248e-02       2.788542638760e+04 
       1.257647141029e-02       2.791825865010e+04 
       1.270140289039e-02       2.794935427190e+04 
       1.282637026464e-02       2.797800264659e+04 
       1.295137352066e-02       2.800633762211e+04 
       1.307641267122e-02       2.802697416558e+04 
       1.320148775367e-02       2.804910963731e+04 
       1.332659882945e-02       2.806933686711e+04 
       1.345174598357e-02       2.808069255239e+04 
       1.357692932421e-02       2.809761568973e+04 
       1.370214898230e-02       2.810265709324e+04 
       1.382740511116e-02       2.811759741337e+04 
       1.395269788621e-02       2.811644490839e+04 
       1.407802750464e-02       2.812302430561e+04 
       1.420339418514e-02       2.812719721906e+04 
       1.432879816772e-02       2.812888436992e+04 
       1.445423971346e-02       2.812388622057e+04 
       1.457971910435e-02       2.811910812409e+04 
       1.470523664317e-02       2.811356251285e+04 
       1.483079265330e-02       2.809852848013e+04 
       1.495638747871e-02       2.809441357614e+04 
       1.508202148381e-02       2.807526238374e+04 
       1.520769505344e-02       2.806606400284e+04 
       1.533340859282e-02       2.804783056654e+04 
       1.545916252755e-02       2.802334958341e+04 
       1.558495730363e-02       2.800832315273e+04 
       1.571079338748e-02       2.798407778940e+04 
       1.583667126600e-02       2.796026561627e+04 
       1.596259144661e-02       2.793386045008e+04 
       1.608855445739e-02       2.790157482281e+04 
       1.621456084717e-02       2.787322046237e+04 
       1.634061118563e-02       2.784270579344e+04 
       1.646670606346e-02       2.780952623347e+04 
       1.659284609254e-02       2.777274829784e+04 
       1.671903190610e-02       2.773605509004e+04 
       1.684526415889e-02       2.769870492576e+04 
       1.697154352744e-02       2.765358251380e+04 
       1.709787071026e-02       2.761501314312e+04 
       1.722424642810e-02       2.757142786670e+04 
       1.735067142418e-02       2.752411382834e+04 
       1.747714646451e-02       2.748332952706e+04 
       1.760367233815e-02       2.743439274363e+04 
       1.773024985755e-02       2.738568776667e+04 
       1.785687985883e-02       2.733439596221e+04 
       1.798356320219e-02       2.728185336383e+04 
       1.811030077222e-02       2.723001848082e+04 
       1.823709347830e-02       2.717291548116e+04 
       1.836394225497e-02       2.711649565633e+04 
       1.849084806237e-02       2.705907981678e+04 
       1.861781188666e-02       2.700284328103e+04 
       1.874483474045e-02       2.694015565255e+04 
       1.887191766328e-02       2.688222055461e+04 
       1.899906172209e-02       2.681924399245e+04 
       1.912626801173e-02       2.675767463741e+04 
       1.925353765548e-02       2.669375985114e+04 
       1.938087180556e-02       2.662711669799e+04 
       1.950827164373e-02       2.655850280744e+04 
       1.963573838181e-02       2.649402798918e+04 
       1.976327326234e-02       2.642499156141e+04 
       1.989087755912e-02       2.635311147514e+04 
       2.001855257793e-02       2.628500358183e+04 
       2.014629965712e-02       2.621276532075e+04 
       2.027412016832e-02       2.614052658403e+04 
       2.040201551713e-02       2.606502841231e+04 
       2.052998714386e-02       2.599269156394e+04 
       2.065803652427e-02       2.591512528835e+04 
       2.078616517032e-02       2.584026189937e+04 
       2.091437463101e-02       2.576013346449e+04 
       2.104266649318e-02       2.568328756718e+04 
       2.117104238233e-02       2.560684705674e+04 
       2.129950396355e-02       2.552738219036e+04 
       2.142805294239e-02       2.544412372968e+04 
       2.155669106579e-02       2.536461669737e+04 
       2.168542012304e-02       2.528125033601e+04 
       2.181424194679e-02       2.520187433782e+04 
       2.194315841405e-02       2.511582194860e+04 
       2.207217144725e-02       2.503407269436e+04 
       2.220128301534e-02       2.494926497242e+04 
       2.233049513488e-02       2.486315590866e+04 
       2.245980987124e-02       2.477880662281e+04 
       2.258922933976e-02       2.469253366260e+04 
       2.271875570697e-02       2.460454028543e+04 
       2.284839119189e-02       2.451650939853e+04 
       2.297813806734e-02       2.443014065403e+04 
       2.310799866127e-02       2.434106921800e+04 
       2.323797535816e-02       2.425156178685e+04 
       2.336807060045e-02       2.416189791768e+04 
       2.349828689006e-02       2.407234795868e+04 
       2.362862678988e-02       2.398188896616e+04 
       2.375909292540e-02       2.389041002239e+04 
       2.388968798628e-02       2.379874033243e+04 
       2.402041472810e-02       2.370735983338e+04 
       2.415127597408e-02       2.361509354183e+04 
       2.428227461685e-02       2.352121294131e+04 
       2.441341362036e-02       2.342969213765e+04 
       2.454469602177e-02       2.333561249033e+04 
       2.467612493344e-02       2.324022396653e+04 
       2.480770354501e-02       2.314618906103e+04 
       2.493943512547e-02       2.305261935041e+04 
       2.507132302539e-02       2.295835819345e+04 
       2.520337067918e-02       2.286411435122e+04 
       2.533558160746e-02       2.276756322926e+04 
       2.546795941944e-02       2.267372755550e+04 
       2.560050781548e-02       2.257722647234e+04 
       2.573323058964e-02       2.248225361468e+04 
       2.586613163243e-02       2.238516267444e+04 
       2.599921493356e-02       2.228913040783e+04 
       2.613248458484e-02       2.219341519916e+04 
       2.626594478316e-02       2.209587851163e+04 
       2.639959983360e-02       2.199976313570e+04 
       2.653345415262e-02       2.190161081369e+04 
       2.666751227144e-02       2.180454213757e+04 
       2.680177883944e-02       2.170742938997e+04 
       2.693625862774e-02       2.161098019928e+04 
       2.707095653296e-02       2.151340931782e+04 
       2.720587758104e-02       2.141577243116e+04 
       2.734102693124e-02       2.131808852772e+04 
       2.747640988031e-02       2.122030044940e+04 
       2.761203186678e-02       2.112240259722e+04 
       2.774789847548e-02       2.102377970608e+04 
       2.788401544216e-02       2.092666969531e+04 
       2.802038865833e-02       2.082923389911e+04 
       2.815702417633e-02       2.073101488007e+04 
       2.829392821452e-02       2.063267402082e+04 
       2.843110716277e-02       2.053449113870e+04 
       2.856856758808e-02       2.043644705702e+04 
       2.870631624052e-02       2.033789936537e+04 
       2.884436005934e-02       2.024082500494e+04 
       2.898270617940e-02       2.014361721452e+04 
       2.912136193783e-02       2.004517272719e+04 
       2.926033488097e-02       1.994793893913e+04 
       2.939963277162e-02       1.985054654460e+04 
       2.953926359664e-02       1.975216774573e+04 
       2.967923557479e-02       1.965500267235e+04 
       2.981955716499e-02       1.955784469780e+04 
       2.996023707495e-02       1.946043887037e+04 
       3.010128427010e-02       1.936332250841e+04 
       3.024270798305e-02       1.926625435509e+04 
       3.038451772333e-02       1.916887812199e+04 
       3.052672328776e-02       1.907141158907e+04 
       3.066933477110e-02       1.897472093738e+04 
       3.081236257737e-02       1.887797665429e+04 
       3.095581743159e-02       1.878155184635e+04 
       3.109971039215e-02       1.868589987841e+04 
       3.124405286373e-02       1.858939937958e+04 
       3.138885661086e-02       1.849285650087e+04 
       3.153413377216e-02       1.839724966837e+04 
       3.167989687530e-02       1.830173623119e+04 
       3.182615885262e-02       1.820537056484e+04 
       3.197293305767e-02       1.811048859728e+04 
       3.212023328249e-02       1.801572274451e+04 
       3.226807377582e-02       1.792063229801e+04 
       3.241646926229e-02       1.782590472319e+04 
       3.256543496253e-02       1.773037345886e+04 
       3.271498661446e-02       1.763628491754e+04 
       3.286514049567e-02       1.754177659579e+04 
       3.301591344696e-02       1.744842048016e+04 
       3.316732289731e-02       1.735487611188e+04 
       3.331938689009e-02       1.726127057030e+04 
       3.347212411087e-02       1.716777637240e+04 
       3.362555391668e-02       1.707458912898e+04 
       3.377969636708e-02       1.698117698026e+04 
       3.393457225693e-02       1.688880614950e+04 
       3.409020315114e-02       1.679635200768e+04 
       3.424661142147e-02       1.670418199969e+04 
       3.440382028553e-02       1.661227634669e+04 
       3.456185384818e-02       1.651988344023e+04 
       3.472073714544e-02       1.642900420885e+04 
       3.488049619120e-02       1.633748621538e+04 
       3.504115802674e-02       1.624596735470e+04 
       3.520275077362e-02       1.615585704604e+04 
       3.536530368977e-02       1.606462712861e+04 
       3.552884722941e-02       1.597432623440e+04 
       3.569341310687e-02       1.588448110070e+04 
       3.585903436470e-02       1.579472695675e+04 
       3.602574544643e-02       1.570529614593e+04 
       3.619358227437e-02       1.561583893097e+04 
       3.636258233277e-02       1.552633941173e+04 
       3.653278475694e-02       1.543805015588e+04 
       3.670423042875e-02       1.534936881208e+04 
       3.687696207908e-02       1.526079345848e+04 
       3.705102439783e-02       1.517244216704e+04 
       3.722646415216e-02       1.508504445538e+04 
       3.740333031375e-02       1.499746450008e+04 
       3.758167419586e-02       1.490934848788e+04 
       3.776154960106e-02       1.482283580063e+04 
       3.794301298080e-02       1.473534035583e+04 
       3.812612360773e-02       1.464907051262e+04 
       3.831094376227e-02       1.456269153810e+04 
       3.849753893457e-02       1.447640822274e+04 
       3.868597804367e-02       1.439034293878e+04 
       3.887633367537e-02       1.430406230881e+04 
       3.906868234095e-02       1.421853978046e+04 
       3.926310475887e-02       1.413370141536e+04 
       3.945968616187e-02       1.404855448420e+04 
       3.965851663228e-02       1.396328785618e+04 
       3.985969146871e-02       1.387872071467e+04 
       4.006331158762e-02       1.379395228451e+04 
       4.026948396375e-02       1.370991792156e+04 
       4.047832211405e-02       1.362543562083e+04 
       4.068994663020e-02       1.354174055119e+04 
       4.090448576572e-02       1.345810700766e+04 
       4.112207608428e-02       1.337452772428e+04 
       4.134286317710e-02       1.329081426933e+04 
       4.156700245822e-02       1.320761583779e+04 
       4.179466004782e-02       1.312456627496e+04 
       4.202601375551e-02       1.304165534386e+04 
       4.226125417710e-02       1.295846509117e+04 
       4.250058592078e-02       1.287598339876e+04 
       4.274422898101e-02       1.279328692539e+04 
       4.299242028183e-02       1.271098950679e+04 
       4.324541541456e-02       1.262862168109e+04 
       4.350349059953e-02       1.254622848564e+04 
       4.376694490675e-02       1.246357075906e+04 
       4.403610277668e-02       1.238156073003e+04 
       4.431131688988e-02       1.229951917357e+04 
       4.459297144395e-02       1.221739035712e+04 
       4.488148590717e-02       1.213506408624e+04 
       4.517731933232e-02       1.205295292453e+04 
       4.548097533138e-02       1.197077810752e+04 
       4.579300783248e-02       1.188843833487e+04 
       4.611402776697e-02       1.180619462241e+04 
       4.644471086666e-02       1.172405610970e+04 
       4.678580679181e-02       1.164161519993e+04 
       4.713814986130e-02       1.155872358891e+04 
       4.750267172033e-02       1.147611446586e+04 
       4.788041636174e-02       1.139303557569e+04 
       4.827255801943e-02       1.130956336842e+04 
       4.868042258273e-02       1.122607038912e+04 
       4.910551334615e-02       1.114195815974e+04 
       4.954954212074e-02       1.105748148007e+04 
       5.001446700224e-02       1.097241434406e+04 
       5.050253843329e-02       1.088672269271e+04 
       5.101635562693e-02       1.080045941623e+04 
       5.155893595289e-02       1.071318182447e+04 
       5.213380053406e-02       1.062480975742e+04 
       5.274508004706e-02       1.053521764855e+04 
       5.339764550712e-02       1.044390748790e+04 
       5.409726948086e-02       1.035064141691e+04 
       5.485082333277e-02       1.025490310164e+04 
       5.566651497482e-02       1.015589176549e+04 
       5.655416755916e-02       1.005275367015e+04 
       5.752552961054e-02       9.944205628789e+03 
       5.859458587275e-02       9.828186051981e+03 
       5.977779705940e-02       9.702610247065e+03 
       6.109412465236e-02       9.563231732674e+03 
       6.256458719309e-02       9.405662034693e+03 
       6.421096798568e-02       9.223238963509e+03 
       6.605324884562e-02       9.007794939486e+03 
       6.810560776253e-02       8.750136515683e+03 
       7.037165903944e-02       8.441752283603e+03 
       7.284088214812e-02       8.078004956810e+03 
       7.548873289653e-02       7.660612376029e+03 
       7.828133593951e-02       7.200058547818e+03 
       8.118263929684e-02       6.714174161339e+03 
       8.416050282710e-02       6.224936906631e+03 
       8.718969965717e-02       5.754355797935e+03 
       9.025212828555e-02       5.321165580594e+03 
       9.333556756179e-02       4.938494411420e+03 
       9.643208950111e-02       4.613617832106e+03 
       9.953668058263e-02       4.347890246218e+03 
       1.026462205035e-01       4.138096511829e+03 
       1.057587862423e-01       3.977313620034e+03 
       1.088731996931e-01       3.856164605250e+03 
       1.119887416485e-01       3.763710846215e+03 
       1.151049739125e-01       3.688539549946e+03 
       1.182216297518e-01       3.619575859182e+03 
       1.213385468312e-01       3.547142501245e+03 
       1.244556263040e-01       3.463681012808e+03 
       1.275728079107e-01       3.364441659442e+03 
       1.306900548404e-01       3.247721901441e+03 
       1.338073445341e-01       3.114742547165e+03 
       1.369246631000e-01       2.969121537751e+03 
       1.400420019216e-01       2.816138576350e+03 
       1.431593555993e-01       2.661811091225e+03 
       1.462767206982e-01       2.512071894009e+03 
       1.493940949887e-01       2.372111771314e+03 
       1.525114769836e-01       2.245879468623e+03 
       1.556288656564e-01       2.135868108896e+03 
       1.587462602697e-01       2.043086341540e+03 
       1.618636602699e-01       1.967172408365e+03 
       1.649810652228e-01       1.906595171449e+03 
       1.680984747736e-01       1.858921531020e+03 
       1.712158886224e-01       1.821108102716e+03 
       1.743333065081e-01       1.789801210477e+03 
       1.774507281988e-01       1.761632701226e+03 
       1.805681534854e-01       1.733748889934e+03 
       1.836855821767e-01       1.703873013817e+03 
       1.868030140971e-01       1.669514249427e+03 
       1.899204490838e-01       1.629523468336e+03 
       1.930378869858e-01       1.583660279564e+03 
       1.961553276620e-01       1.532554258705e+03 
       1.992727709807e-01       1.477562318531e+03 
       2.023902168186e-01       1.420503167875e+03 
       2.055076650599e-01       1.363358654438e+03 
       2.086251155960e-01       1.308000143531e+03 
       2.117425683247e-01       1.255976906120e+03 
       2.148600231499e-01       1.208409935919e+03 
       2.179774799809e-01       1.165966650565e+03 
       2.210949387323e-01       1.128890364690e+03 
       2.242123993234e-01       1.097059512624e+03 
       2.273298616780e-01       1.070038513707e+03 
       2.304473257241e-01       1.047137576995e+03 
       2.335647913935e-01       1.027463539061e+03 
       2.366822586215e-01       1.010000436228e+03 
       2.397997273471e-01       9.936971781661e+02 
       2.429171975122e-01       9.775703883535e+02 
       2.460346690618e-01       9.608066705734e+02 
       2.491521419435e-01       9.428276104159e+02 
       2.522696161077e-01       9.233223126664e+02 
       2.553870915071e-01       9.022377594457e+02 
       2.585045680967e-01       8.797422167045e+02 
       2.616220458338e-01       8.561696096225e+02 
       2.647395246776e-01       8.319681092391e+02 
       2.678570045892e-01       8.076515592903e+02 
       2.709744855315e-01       7.837520572432e+02 
       2.740919674693e-01       7.607750306419e+02 
       2.772094503687e-01       7.391534171318e+02 
       2.803269341974e-01       7.192013821442e+02 
       2.834444189246e-01       7.010884927029e+02 
       2.865619045209e-01       6.848277269193e+02 
       2.896793909580e-01       6.702918992459e+02 
       2.927968782090e-01       6.572441794002e+02 
       2.959143662479e-01       6.453811271163e+02 
       2.990318550501e-01       6.343738857192e+02 
       3.021493445917e-01       6.239011216972e+02 
       3.052668348500e-01       6.136695017852e+02 
       3.083843258031e-01       6.034292606203e+02 
       3.115018174302e-01       5.929827663262e+02 
       3.146193097109e-01       5.821962703810e+02 
       3.177368026261e-01       5.710074575003e+02 
       3.208542961571e-01       5.594309860486e+02 
       3.239717902861e-01       5.475530470540e+02 
       3.270892849959e-01       5.355161882219e+02 
       3.302067802700e-01       5.234935871330e+02 
       3.333242760924e-01       5.116617796069e+02 
       3.364417724478e-01       5.001780414624e+02 
       3.395592693216e-01       4.891666172848e+02 
       3.426767666994e-01       4.787126879982e+02 
       3.457942645676e-01       4.688656131701e+02 
       3.489117629130e-01       4.596420259153e+02 
       3.520292617229e-01       4.510290751808e+02 
       3.551467609849e-01       4.429843078709e+02 
       3.582642606873e-01       4.354372626927e+02 
       3.613817608185e-01       4.282932226265e+02 
       3.644992613676e-01       4.214432401418e+02 
       3.676167623238e-01       4.147762976529e+02 
       3.707342636768e-01       4.081947519490e+02 
       3.738517654167e-01       4.016250772114e+02 
       3.769692675338e-01       3.950231226832e+02 
       3.800867700188e-01       3.883723165318e+02 
       3.832042728627e-01       3.816780583755e+02 
       3.863217760568e-01       3.749603876194e+02 
       3.894392795926e-01       3.682488107711e+02 
       3.925567834619e-01       3.615793636251e+02 
       3.956742876569e-01       3.549938070074e+02 
       3.987917921699e-01       3.485371721665e+02 
       4.019092969933e-01       3.422541340036e+02 
       4.050268021202e-01       3.361832365433e+02 
       4.081443075434e-01       3.303504950820e+02 
       4.112618132562e-01       3.247657557171e+02 
       4.143793192520e-01       3.194221397016e+02 
       4.174968255246e-01       3.143005340576e+02 
       4.206143320676e-01       3.093747571667e+02 
       4.237318388751e-01       3.046176012999e+02 
       4.268493459413e-01       3.000038334905e+02 
       4.299668532606e-01       2.955107689137e+02 
       4.330843608274e-01       2.911171902926e+02 
       4.362018686365e-01       2.868018154942e+02 
       4.393193766826e-01       2.825442555340e+02 
       4.424368849607e-01       2.783268439811e+02 
       4.455543934660e-01       2.741380246724e+02 
       4.486719021937e-01       2.699746669909e+02 
       4.517894111392e-01       2.658419635155e+02 
       4.549069202979e-01       2.617514945566e+02 
       4.580244296655e-01       2.577167691433e+02 
       4.611419392378e-01       2.537503932808e+02 
       4.642594490107e-01       2.498620618909e+02 
       4.673769589800e-01       2.460582496641e+02 
       4.704944691419e-01       2.423444116093e+02 
       4.736119794925e-01       2.387255792286e+02 
       4.767294900283e-01       2.352069717102e+02 
       4.798470007454e-01       2.317923512964e+02 
       4.829645116404e-01       2.284821792599e+02 
       4.860820227099e-01       2.252717579784e+02 
       4.891995339506e-01       2.221512682096e+02 
       4.923170453591e-01       2.191076437267e+02 
       4.954345569322e-01       2.161274030982e+02 
       4.985520686670e-01       2.131992036519e+02 
       5.016695805603e-01       2.103153747198e+02 
       5.047870926093e-01       2.074715918620e+02 
       5.079046048109e-01       2.046657017628e+02 
       5.110221171626e-01       2.018959743194e+02 
       5.141396296614e-01       1.991606847111e+02 
       5.172571423048e-01       1.964584933187e+02 
       5.203746550900e-01       1.937895531697e+02 
       5.234921680147e-01       1.911566421746e+02 
       5.266096810763e-01       1.885649108644e+02 
       5.297271942723e-01       1.860208158642e+02 
       5.328447076005e-01       1.835300739560e+02 
       5.359622210584e-01       1.810958679239e+02 
       5.390797346439e-01       1.787182542431e+02 
       5.421972483548e-01       1.763945068946e+02 
       5.453147621888e-01       1.741208514884e+02 
       5.484322761438e-01       1.718938143826e+02 
       5.515497902179e-01       1.697111009176e+02 
       5.546673044090e-01       1.675714568395e+02 
       5.577848187151e-01       1.654735042560e+02 
       5.609023331344e-01       1.634150385616e+02 
       5.640198476648e-01       1.613924641907e+02 
       5.671373623047e-01       1.594016252058e+02 
       5.702548770521e-01       1.574387177237e+02 
       5.733723919054e-01       1.555016058401e+02 
       5.764899068628e-01       1.535901935579e+02 
       5.796074219226e-01       1.517059779402e+02 
       6.100136826563e-01       1.348542333179e+02 
       6.453077531903e-01       1.184871359713e+02 
       6.876385725334e-01       1.021960473154e+02 
       7.408122664427e-01       8.582593988436e+01 
       8.121821693890e-01       6.903061106115e+01 
       9.170597562372e-01       5.158541716734e+01 
       1.085438903204e+00       3.416129674025e+01 
       1.346764281749e+00       1.984183006392e+01 
       1.694223975099e+00       1.087420295112e+01 
