# Matter power spectrum P(k) at redshift z=3
# for k=1.03888e-05 to 1.4771 h/Mpc,
# number of wavenumbers equal to 609
#    1:k (h/Mpc)              2:P (Mpc/h)^3        
       1.038884790509e-05       5.688819767618e+00 
       2.347087648536e-05       1.251427945812e+01 
       3.659973761264e-05       1.923262311750e+01 
       4.981186789834e-05       2.591235074773e+01 
       6.314431980144e-05       3.259324391589e+01 
       7.663510236842e-05       3.930569552947e+01 
       9.032353311886e-05       4.607610310647e+01 
       1.042506058952e-04       5.292908603940e+01 
       1.184593795304e-04       5.988863391138e+01 
       1.329953922232e-04       6.697881375326e+01 
       1.479071065090e-04       7.422427213567e+01 
       1.632463896365e-04       8.165063555429e+01 
       1.790690339355e-04       8.928484219672e+01 
       1.954353213046e-04       9.715559597774e+01 
       2.124106351468e-04       1.052933503298e+02 
       2.300661217643e-04       1.137310312170e+02 
       2.484794012066e-04       1.225041194423e+02 
       2.677353245596e-04       1.316510294853e+02 
       2.879267703594e-04       1.412134350412e+02 
       3.091554668036e-04       1.512365927528e+02 
       3.315328182716e-04       1.617695897880e+02 
       3.551807038861e-04       1.728660618742e+02 
       3.802322020342e-04       1.845830812485e+02 
       4.068321776920e-04       1.969830219530e+02 
       4.351376492318e-04       2.101324629949e+02 
       4.653178289832e-04       2.241022491990e+02 
       4.975537091588e-04       2.389673938087e+02 
       5.320370453310e-04       2.548049077035e+02 
       5.689685789441e-04       2.716952330554e+02 
       6.085553458538e-04       2.897178337440e+02 
       6.510069486033e-04       3.089515644086e+02 
       6.965307349383e-04       3.294705461382e+02 
       7.453259296887e-04       3.513514036865e+02 
       7.975769100521e-04       3.746317644399e+02 
       8.534459822620e-04       3.993641245799e+02 
       9.130661832173e-04       4.255746370556e+02 
       9.765347544983e-04       4.532651083553e+02 
       1.043907975678e-03       4.824282959232e+02 
       1.115197967529e-03       5.130242694239e+02 
       1.190371878646e-03       5.449933325545e+02 
       1.269353580871e-03       5.782575744980e+02 
       1.352027679303e-03       6.127217346348e+02 
       1.438245362737e-03       6.482771288558e+02 
       1.477104874446e-03       6.641738662545e+02 
       1.527831438785e-03       6.848054259436e+02 
       1.620591842411e-03       7.221832656739e+02 
       1.716320968924e-03       7.603194698022e+02 
       1.814808327172e-03       7.990238668619e+02 
       1.915844189782e-03       8.382086840210e+02 
       2.019224093502e-03       8.777521390666e+02 
       2.124752186586e-03       9.175940810124e+02 
       2.232243520094e-03       9.575734852063e+02 
       2.341525436602e-03       9.976247862628e+02 
       2.452438231258e-03       1.037666900038e+03 
       2.564835256744e-03       1.077640024192e+03 
       2.678582625775e-03       1.117459297495e+03 
       2.793558639890e-03       1.157069225873e+03 
       2.909653047103e-03       1.196437791573e+03 
       3.026766206541e-03       1.235502926384e+03 
       3.144808217195e-03       1.274225727071e+03 
       3.263698050802e-03       1.312596166511e+03 
       3.383362715476e-03       1.350578808900e+03 
       3.503736466680e-03       1.388141119584e+03 
       3.624760074763e-03       1.425258562421e+03 
       3.746380153096e-03       1.461913779489e+03 
       3.868548547333e-03       1.498099743467e+03 
       3.991221783961e-03       1.533791199118e+03 
       4.114360574947e-03       1.568997597651e+03 
       4.237929374435e-03       1.603697602454e+03 
       4.361895983146e-03       1.637884973098e+03 
       4.486231196025e-03       1.671555437493e+03 
       4.610908488831e-03       1.704707780982e+03 
       4.735903739587e-03       1.737335789292e+03 
       4.861194981098e-03       1.769438651618e+03 
       4.986762181088e-03       1.801021336251e+03 
       5.112587046830e-03       1.832066089896e+03 
       5.238652851443e-03       1.862600819982e+03 
       5.364944279367e-03       1.892611227459e+03 
       5.491447288787e-03       1.922096310124e+03 
       5.618148989031e-03       1.951063974079e+03 
       5.745037531197e-03       1.979515024438e+03 
       5.872102010492e-03       2.007449554679e+03 
       5.999332378908e-03       2.034872163516e+03 
       6.126719367062e-03       2.061786782934e+03 
       6.254254414153e-03       2.088197145152e+03 
       6.381929605101e-03       2.114109594152e+03 
       6.509737614079e-03       2.139517996222e+03 
       6.637671653708e-03       2.164447005173e+03 
       6.765725429296e-03       2.188880497004e+03 
       6.893893097569e-03       2.212830997650e+03 
       7.022169229401e-03       2.236306698264e+03 
       7.150548776116e-03       2.259303172414e+03 
       7.279027038982e-03       2.281832286998e+03 
       7.407599641561e-03       2.303895096281e+03 
       7.536262504614e-03       2.325496273622e+03 
       7.665011823301e-03       2.346642739809e+03 
       7.793844046443e-03       2.367337969388e+03 
       7.922755857631e-03       2.387584918396e+03 
       8.051744158007e-03       2.407394724784e+03 
       8.180806050547e-03       2.426763372619e+03 
       8.309938825693e-03       2.445704400287e+03 
       8.439139948224e-03       2.464209770297e+03 
       8.568407045219e-03       2.482299374580e+03 
       8.697737895037e-03       2.499972533568e+03 
       8.827130417199e-03       2.517235775550e+03 
       8.956582663100e-03       2.534086726776e+03 
       9.086092807470e-03       2.550533812693e+03 
       9.215659140515e-03       2.566582779191e+03 
       9.345280060690e-03       2.582236976728e+03 
       9.474954068028e-03       2.597497896973e+03 
       9.604679757991e-03       2.612379848212e+03 
       9.734455815798e-03       2.626879356736e+03 
       9.864281011178e-03       2.640998139975e+03 
       9.994154193529e-03       2.654747428405e+03 
       1.012407428743e-02       2.668131815623e+03 
       1.025404028849e-02       2.681150640353e+03 
       1.038405125952e-02       2.693809226056e+03 
       1.051410632694e-02       2.706114595703e+03 
       1.064420467752e-02       2.718068773841e+03 
       1.077434555527e-02       2.729674471733e+03 
       1.090452825863e-02       2.740938364514e+03 
       1.103475213782e-02       2.751862437445e+03 
       1.116501659237e-02       2.762453747072e+03 
       1.129532106887e-02       2.772713107014e+03 
       1.142566505885e-02       2.782644241727e+03 
       1.155604809677e-02       2.792255248736e+03 
       1.168646975824e-02       2.801545490987e+03 
       1.181692965829e-02       2.810523447750e+03 
       1.194742744981e-02       2.819189073836e+03 
       1.207796282203e-02       2.827545899686e+03 
       1.220853549922e-02       2.835600131766e+03 
       1.233914523936e-02       2.843353196488e+03 
       1.246979183297e-02       2.850809293146e+03 
       1.260047510205e-02       2.857972540710e+03 
       1.273119489902e-02       2.864843809924e+03 
       1.286195110578e-02       2.871431663933e+03 
       1.299274363283e-02       2.877735267721e+03 
       1.312357241850e-02       2.883764115311e+03 
       1.325443742812e-02       2.889517763337e+03 
       1.338533865340e-02       2.894999546939e+03 
       1.351627611175e-02       2.900212047657e+03 
       1.364724984568e-02       2.905160224532e+03 
       1.377825992231e-02       2.909847597090e+03 
       1.390930643280e-02       2.914276922596e+03 
       1.404038949194e-02       2.918450943015e+03 
       1.417150923775e-02       2.922374565425e+03 
       1.430266583103e-02       2.926050961755e+03 
       1.443385945513e-02       2.929483795750e+03 
       1.456509031552e-02       2.932674144178e+03 
       1.469635863962e-02       2.935625215252e+03 
       1.477104874446e-02       2.937196874527e+03 
       1.482766467651e-02       2.938337695299e+03 
       1.495900869673e-02       2.940818013630e+03 
       1.509039099206e-02       2.943069969806e+03 
       1.522181187545e-02       2.945095988937e+03 
       1.535327168079e-02       2.946899346993e+03 
       1.548477076288e-02       2.948483161932e+03 
       1.561630949733e-02       2.949848580418e+03 
       1.574788828047e-02       2.951000897029e+03 
       1.587950752936e-02       2.951940739930e+03 
       1.601116768178e-02       2.952672101780e+03 
       1.614286919618e-02       2.953196106226e+03 
       1.627461255180e-02       2.953517105986e+03 
       1.640639824863e-02       2.953635178458e+03 
       1.653822680756e-02       2.953555753165e+03 
       1.667009877041e-02       2.953280083122e+03 
       1.680201470006e-02       2.952810531343e+03 
       1.693397518059e-02       2.952151036432e+03 
       1.706598081739e-02       2.951305122299e+03 
       1.719803223736e-02       2.950273487091e+03 
       1.733013008908e-02       2.949061651852e+03 
       1.746227504297e-02       2.947672596983e+03 
       1.759446779156e-02       2.946109234030e+03 
       1.772670904968e-02       2.944373814369e+03 
       1.785899955473e-02       2.942469360504e+03 
       1.799134006694e-02       2.940399165498e+03 
       1.812373136964e-02       2.938165823129e+03 
       1.825617426956e-02       2.935772625525e+03 
       1.838866959718e-02       2.933220705315e+03 
       1.852121820700e-02       2.930512072590e+03 
       1.865382097794e-02       2.927649841993e+03 
       1.878647881368e-02       2.924634311431e+03 
       1.891919264306e-02       2.921468439094e+03 
       1.905196342045e-02       2.918152260429e+03 
       1.918479212619e-02       2.914689276646e+03 
       1.931767976703e-02       2.911080113024e+03 
       1.945062737656e-02       2.907325616091e+03 
       1.958363601569e-02       2.903429319753e+03 
       1.971670677312e-02       2.899392784595e+03 
       1.984984076590e-02       2.895218035392e+03 
       1.998303913988e-02       2.890908063357e+03 
       2.011630307032e-02       2.886465488165e+03 
       2.024963376238e-02       2.881894566032e+03 
       2.038303245179e-02       2.877197576288e+03 
       2.051650040539e-02       2.872378694711e+03 
       2.065003892177e-02       2.867440618170e+03 
       2.078364933190e-02       2.862388953984e+03 
       2.091733299983e-02       2.857224681750e+03 
       2.105109132336e-02       2.851952387761e+03 
       2.118492573472e-02       2.846574784006e+03 
       2.131883770135e-02       2.841094467411e+03 
       2.145282872664e-02       2.835512849747e+03 
       2.158690035069e-02       2.829832191440e+03 
       2.172105415114e-02       2.824053485696e+03 
       2.185529174399e-02       2.818177328219e+03 
       2.198961478445e-02       2.812199568536e+03 
       2.212402496784e-02       2.806094855443e+03 
       2.225852403050e-02       2.799889902644e+03 
       2.239311375072e-02       2.793603940283e+03 
       2.252779594970e-02       2.787211802012e+03 
       2.266257249259e-02       2.780742380513e+03 
       2.279744528946e-02       2.774181223068e+03 
       2.293241629643e-02       2.767530268067e+03 
       2.306748751671e-02       2.760799574067e+03 
       2.320266100176e-02       2.753985391148e+03 
       2.333793885247e-02       2.747090310162e+03 
       2.347332322030e-02       2.740107540013e+03 
       2.360881630860e-02       2.733057200389e+03 
       2.374442037383e-02       2.725937086328e+03 
       2.388013772690e-02       2.718737589119e+03 
       2.401597073455e-02       2.711466165803e+03 
       2.415192182071e-02       2.704125147873e+03 
       2.428799346799e-02       2.696718606449e+03 
       2.442418821914e-02       2.689243895061e+03 
       2.456050867864e-02       2.681704319631e+03 
       2.469695751424e-02       2.674099335812e+03 
       2.483353745862e-02       2.666431853896e+03 
       2.497025131111e-02       2.658710068734e+03 
       2.510710193943e-02       2.650923662596e+03 
       2.524409228146e-02       2.643082942796e+03 
       2.538122534717e-02       2.635191259233e+03 
       2.551850422052e-02       2.627238745394e+03 
       2.565593206145e-02       2.619236957717e+03 
       2.579351210795e-02       2.611186513201e+03 
       2.593124767817e-02       2.603083242993e+03 
       2.606914217267e-02       2.594938357049e+03 
       2.620719907662e-02       2.586739934776e+03 
       2.634542196224e-02       2.578502422882e+03 
       2.648381449116e-02       2.570218649274e+03 
       2.662238041698e-02       2.561892394703e+03 
       2.676112358786e-02       2.553526421172e+03 
       2.690004794921e-02       2.545118627685e+03 
       2.703915754652e-02       2.536672841562e+03 
       2.717845652820e-02       2.528192049094e+03 
       2.731794914858e-02       2.519674076870e+03 
       2.745763977104e-02       2.511127449301e+03 
       2.759753287119e-02       2.502542794510e+03 
       2.773763304024e-02       2.493926701803e+03 
       2.787794498837e-02       2.485279773752e+03 
       2.801847354840e-02       2.476604438873e+03 
       2.815922367944e-02       2.467902679098e+03 
       2.830020047074e-02       2.459170037199e+03 
       2.844140914572e-02       2.450414276749e+03 
       2.858285506606e-02       2.441634341811e+03 
       2.872454373604e-02       2.432829896910e+03 
       2.886648080700e-02       2.424002173058e+03 
       2.900867208197e-02       2.415154681881e+03 
       2.915112352050e-02       2.406284699030e+03 
       2.929384124365e-02       2.397396904513e+03 
       2.943683153924e-02       2.388490808677e+03 
       2.958010086722e-02       2.379566435600e+03 
       2.972365586533e-02       2.370626102053e+03 
       2.986750335497e-02       2.361671752203e+03 
       3.001165034729e-02       2.352701620479e+03 
       3.015610404955e-02       2.343717260325e+03 
       3.030087187173e-02       2.334718956076e+03 
       3.044596143345e-02       2.325713035178e+03 
       3.059138057115e-02       2.316694030870e+03 
       3.073713734558e-02       2.307665115491e+03 
       3.088324004962e-02       2.298626393548e+03 
       3.102969721645e-02       2.289581486530e+03 
       3.117651762805e-02       2.280525865922e+03 
       3.132371032410e-02       2.271465851835e+03 
       3.147128461127e-02       2.262400191878e+03 
       3.161925007293e-02       2.253327711366e+03 
       3.176761657928e-02       2.244251053331e+03 
       3.191639429798e-02       2.235170058745e+03 
       3.206559370522e-02       2.226087638848e+03 
       3.221522559739e-02       2.217000539287e+03 
       3.236530110319e-02       2.207912734073e+03 
       3.251583169642e-02       2.198823532403e+03 
       3.266682920930e-02       2.189734725000e+03 
       3.281830584650e-02       2.180644678119e+03 
       3.297027419980e-02       2.171553942823e+03 
       3.312274726353e-02       2.162465399599e+03 
       3.327573845075e-02       2.153380399569e+03 
       3.342926161020e-02       2.144296214062e+03 
       3.358333104424e-02       2.135212999802e+03 
       3.373796152755e-02       2.126135379448e+03 
       3.389316832696e-02       2.117061076483e+03 
       3.404896722219e-02       2.107988190744e+03 
       3.420537452774e-02       2.098922554246e+03 
       3.436240711601e-02       2.089861200731e+03 
       3.452008244158e-02       2.080805249865e+03 
       3.467841856686e-02       2.071754596085e+03 
       3.483743418916e-02       2.062709686251e+03 
       3.499714866927e-02       2.053670626376e+03 
       3.515758206170e-02       2.044638275362e+03 
       3.531875514653e-02       2.035613497080e+03 
       3.548068946325e-02       2.026595980933e+03 
       3.564340734650e-02       2.017585588319e+03 
       3.580693196391e-02       2.008581675130e+03 
       3.597128735626e-02       1.999586731669e+03 
       3.613649848003e-02       1.990599002819e+03 
       3.630259125260e-02       1.981621440550e+03 
       3.646959260021e-02       1.972650557907e+03 
       3.663753050898e-02       1.963688249051e+03 
       3.680643407912e-02       1.954733254589e+03 
       3.697633358269e-02       1.945789144072e+03 
       3.714726052509e-02       1.936851601440e+03 
       3.731924771059e-02       1.927923459268e+03 
       3.749232931231e-02       1.919005401193e+03 
       3.766654094692e-02       1.910094920844e+03 
       3.784191975437e-02       1.901192822979e+03 
       3.801850448336e-02       1.892299488020e+03 
       3.819633558267e-02       1.883414353965e+03 
       3.837545529908e-02       1.874537528040e+03 
       3.855590778243e-02       1.865668750493e+03 
       3.873773919835e-02       1.856807998704e+03 
       3.892099784939e-02       1.847955204610e+03 
       3.910573430537e-02       1.839109694899e+03 
       3.929200154373e-02       1.830271496502e+03 
       3.947985510070e-02       1.821439779434e+03 
       3.966935323462e-02       1.812615589477e+03 
       3.986055710221e-02       1.803796352551e+03 
       4.005353094927e-02       1.794984184291e+03 
       4.024834231720e-02       1.786176948462e+03 
       4.044506226685e-02       1.777374697165e+03 
       4.064376562156e-02       1.768576842481e+03 
       4.084453123125e-02       1.759783758754e+03 
       4.104744225991e-02       1.750993030429e+03 
       4.125258649892e-02       1.742204743794e+03 
       4.146005670894e-02       1.733418720984e+03 
       4.166995099365e-02       1.724633751556e+03 
       4.188237320885e-02       1.715849086051e+03 
       4.209743341100e-02       1.707063911252e+03 
       4.231524834968e-02       1.698277446348e+03 
       4.253594200936e-02       1.689488438459e+03 
       4.275964620630e-02       1.680696279555e+03 
       4.298650124737e-02       1.671899515002e+03 
       4.321665665866e-02       1.663096796778e+03 
       4.345027199266e-02       1.654287123758e+03 
       4.368751772432e-02       1.645469650665e+03 
       4.392857624790e-02       1.636642106988e+03 
       4.417364298810e-02       1.627803108355e+03 
       4.442292764149e-02       1.618951495039e+03 
       4.467665556653e-02       1.610084750947e+03 
       4.493506934380e-02       1.601201782882e+03 
       4.519843053150e-02       1.592299853401e+03 
       4.546702164570e-02       1.583377027001e+03 
       4.574114840014e-02       1.574431250381e+03 
       4.602114224655e-02       1.565459366878e+03 
       4.630736326406e-02       1.556458933240e+03 
       4.660020345559e-02       1.547427291469e+03 
       4.690009052028e-02       1.538361050589e+03 
       4.720749218451e-02       1.529256974535e+03 
       4.752292119128e-02       1.520110137232e+03 
       4.784694106802e-02       1.510918136981e+03 
       4.818017281870e-02       1.501675037300e+03 
       4.852330271790e-02       1.492376323416e+03 
       4.887709142408e-02       1.483016225402e+03 
       4.924238467908e-02       1.473588827064e+03 
       4.962012592325e-02       1.464087364902e+03 
       5.001137123437e-02       1.454504014942e+03 
       5.041730709870e-02       1.444830470702e+03 
       5.083927164887e-02       1.435056762792e+03 
       5.127878016526e-02       1.425171731181e+03 
       5.173755584317e-02       1.415162764426e+03 
       5.221756709049e-02       1.405015177683e+03 
       5.272107295418e-02       1.394711709948e+03 
       5.325067869442e-02       1.384232180718e+03 
       5.380940405116e-02       1.373552554190e+03 
       5.440076738862e-02       1.362643765532e+03 
       5.502888965715e-02       1.351471459933e+03 
       5.569862293431e-02       1.339991458027e+03 
       5.641570906817e-02       1.328150421118e+03 
       5.718697433512e-02       1.315880334183e+03 
       5.802056536821e-02       1.303093701950e+03 
       5.892622854756e-02       1.289677051511e+03 
       5.991562694215e-02       1.275481105744e+03 
       6.100267098206e-02       1.260308169850e+03 
       6.220380339493e-02       1.243892443688e+03 
       6.353811440565e-02       1.225877634009e+03 
       6.502705988279e-02       1.205791052643e+03 
       6.669342210286e-02       1.183020565882e+03 
       6.855906162450e-02       1.156811883470e+03 
       7.064115518506e-02       1.126319237775e+03 
       7.294729636043e-02       1.090745140520e+03 
       7.547110252115e-02       1.049585026484e+03 
       7.819095379732e-02       1.002917725864e+03 
       8.107356256221e-02       9.516013998414e+02 
       8.408107822035e-02       8.972422280523e+02 
       8.717813450221e-02       8.419315010048e+02 
       9.033602100442e-02       7.878710931819e+02 
       9.353364843471e-02       7.370305520174e+02 
       9.675655357560e-02       6.909164139392e+02 
       9.999525828193e-02       6.504670541836e+02 
       1.032437301795e-01       6.160488855347e+02 
       1.064981999025e-01       5.875188096366e+02 
       1.097563387907e-01       5.643209917171e+02 
       1.130167181838e-01       5.455955905609e+02 
       1.162784652153e-01       5.302880150384e+02 
       1.195410478642e-01       5.172550318935e+02 
       1.228041422602e-01       5.053675680112e+02 
       1.260675513311e-01       4.936079563385e+02 
       1.293311551333e-01       4.811558740630e+02 
       1.325948806043e-01       4.674528677520e+02 
       1.358586831672e-01       4.522354852309e+02 
       1.391225355553e-01       4.355313862886e+02 
       1.423864210243e-01       4.176196452907e+02 
       1.456503292315e-01       3.989637850743e+02 
       1.477104874446e-01       3.870594558313e+02 
       1.489142537330e-01       3.801306399263e+02 
       1.521781904641e-01       3.617086787904e+02 
       1.554421368161e-01       3.442370922669e+02 
       1.587060910746e-01       3.281524181490e+02 
       1.619700520781e-01       3.137556338170e+02 
       1.652340190099e-01       3.011986837617e+02 
       1.684979912707e-01       2.904877594877e+02 
       1.717619684007e-01       2.814992486220e+02 
       1.750259500318e-01       2.740044295518e+02 
       1.782899358581e-01       2.676995127860e+02 
       1.815539256167e-01       2.622382261723e+02 
       1.848179190765e-01       2.572646568691e+02 
       1.880819160304e-01       2.524444244371e+02 
       1.913459162903e-01       2.475422627528e+02 
       1.946099196838e-01       2.423272189486e+02 
       1.978739260517e-01       2.366191355635e+02 
       2.011379352463e-01       2.303664488082e+02 
       2.044019471300e-01       2.236071129498e+02 
       2.076659615744e-01       2.164562799775e+02 
       2.109299784594e-01       2.090846509037e+02 
       2.141939976722e-01       2.016910045932e+02 
       2.174580191071e-01       1.944739183195e+02 
       2.207220426648e-01       1.876077785380e+02 
       2.239860682517e-01       1.812264929153e+02 
       2.272500957797e-01       1.754158652517e+02 
       2.305141251657e-01       1.702133519204e+02 
       2.337781563315e-01       1.656126666054e+02 
       2.370421892029e-01       1.615707041793e+02 
       2.403062237099e-01       1.580151390599e+02 
       2.435702597865e-01       1.548521757649e+02 
       2.468342973699e-01       1.519747574970e+02 
       2.500983364007e-01       1.492715880891e+02 
       2.533623768226e-01       1.466368198970e+02 
       2.566264185823e-01       1.439795001902e+02 
       2.598904616289e-01       1.412312776298e+02 
       2.631545059144e-01       1.383510060454e+02 
       2.664185513929e-01       1.353255243195e+02 
       2.696825980208e-01       1.321668942093e+02 
       2.729466457566e-01       1.289072172372e+02 
       2.762106945609e-01       1.255924106397e+02 
       2.794747443960e-01       1.222760716987e+02 
       2.827387952259e-01       1.190139694094e+02 
       2.860028470165e-01       1.158591886873e+02 
       2.892668997350e-01       1.128577883222e+02 
       2.925309533502e-01       1.100449600852e+02 
       2.957950078322e-01       1.074420605336e+02 
       2.990590631525e-01       1.050550152774e+02 
       3.023231192839e-01       1.028745592282e+02 
       3.055871762001e-01       1.008784006086e+02 
       3.088512338762e-01       9.903488711697e+01 
       3.121152922882e-01       9.730740965468e+01 
       3.153793514131e-01       9.565867338581e+01 
       3.186434112289e-01       9.405414581977e+01 
       3.219074717146e-01       9.246443195447e+01 
       3.251715328497e-01       9.086670241551e+01 
       3.284355946150e-01       8.924545683303e+01 
       3.316996569915e-01       8.759291267164e+01 
       3.349637199616e-01       8.590903822746e+01 
       3.382277835077e-01       8.420107448805e+01 
       3.414918476134e-01       8.248232585124e+01 
       3.447559122627e-01       8.077019711457e+01 
       3.480199774402e-01       7.908369340989e+01 
       3.512840431311e-01       7.744088013345e+01 
       3.545481093212e-01       7.585679983768e+01 
       3.578121759968e-01       7.434221731392e+01 
       3.610762431445e-01       7.290324388918e+01 
       3.643403107518e-01       7.154163043360e+01 
       3.676043788063e-01       7.025537016608e+01 
       3.708684472960e-01       6.903931649706e+01 
       3.741325162097e-01       6.788571124883e+01 
       3.773965855362e-01       6.678469348284e+01 
       3.806606552649e-01       6.572497060262e+01 
       3.839247253855e-01       6.469477080022e+01 
       3.871887958879e-01       6.368302281498e+01 
       3.904528667627e-01       6.268054860160e+01 
       3.937169380005e-01       6.168096428580e+01 
       3.969810095923e-01       6.068105649291e+01 
       4.002450815294e-01       5.968058188789e+01 
       4.035091538035e-01       5.868163248896e+01 
       4.067732264063e-01       5.768783413251e+01 
       4.100372993299e-01       5.670362812285e+01 
       4.133013725668e-01       5.573376569015e+01 
       4.165654461096e-01       5.478298631152e+01 
       4.198295199511e-01       5.385575854548e+01 
       4.230935940843e-01       5.295596169609e+01 
       4.263576685026e-01       5.208648432553e+01 
       4.296217431993e-01       5.124882847703e+01 
       4.328858181682e-01       5.044287387235e+01 
       4.361498934032e-01       4.966693226216e+01 
       4.394139688983e-01       4.891810082597e+01 
       4.426780446477e-01       4.819282641187e+01 
       4.459421206459e-01       4.748747660734e+01 
       4.492061968873e-01       4.679876174031e+01 
       4.524702733667e-01       4.612391302430e+01 
       4.557343500789e-01       4.546066244672e+01 
       4.589984270191e-01       4.480713936491e+01 
       4.622625041822e-01       4.416182228930e+01 
       4.655265815637e-01       4.352360205780e+01 
       4.687906591590e-01       4.289192674971e+01 
       4.720547369635e-01       4.226692578558e+01 
       4.753188149730e-01       4.164940363019e+01 
       4.785828931833e-01       4.104066331324e+01 
       4.818469715903e-01       4.044219930321e+01 
       4.851110501899e-01       3.985537687848e+01 
       4.883751289784e-01       3.928121050807e+01 
       4.916392079518e-01       3.872030689400e+01 
       4.949032871067e-01       3.817294482583e+01 
       4.981673664393e-01       3.763920753124e+01 
       5.014314459463e-01       3.711906960305e+01 
       5.046955256241e-01       3.661237901544e+01 
       5.079596054696e-01       3.611875735667e+01 
       5.112236854794e-01       3.563749127308e+01 
       5.144877656505e-01       3.516750524815e+01 
       5.177518459798e-01       3.470746071678e+01 
       5.210159264643e-01       3.425596122267e+01 
       5.242800071011e-01       3.381178417133e+01 
       5.275440878873e-01       3.337404749463e+01 
       5.308081688203e-01       3.294225245326e+01 
       5.340722498972e-01       3.251620718127e+01 
       5.373363311155e-01       3.209589506899e+01 
       5.406004124726e-01       3.168135933333e+01 
       5.438644939661e-01       3.127266832814e+01 
       5.471285755933e-01       3.086995309855e+01 
       5.503926573520e-01       3.047346772769e+01 
       5.536567392398e-01       3.008361836041e+01 
       5.569208212545e-01       2.970090440924e+01 
       5.601849033938e-01       2.932579245202e+01 
       5.634489856556e-01       2.895856782159e+01 
       5.667130680376e-01       2.859923633076e+01 
       5.699771505380e-01       2.824752140256e+01 
       5.732412331545e-01       2.790295264971e+01 
       5.765053158854e-01       2.756500578181e+01 
       5.797693987285e-01       2.723321961013e+01 
       5.830334816821e-01       2.690724638056e+01 
       5.862975647442e-01       2.658682559561e+01 
       5.895616479131e-01       2.627171518231e+01 
       5.928257311870e-01       2.596163173135e+01 
       5.960898145642e-01       2.565624790855e+01 
       5.993538980429e-01       2.535524620355e+01 
       6.026179816216e-01       2.505840216998e+01 
       6.058820652986e-01       2.476564562329e+01 
       6.091461490723e-01       2.447706198438e+01 
       6.124102329411e-01       2.419282787008e+01 
       6.156743169036e-01       2.391311328949e+01 
       6.189384009583e-01       2.363799764300e+01 
       6.222024851037e-01       2.336744156972e+01 
       6.254665693384e-01       2.310131998293e+01 
       6.287306536609e-01       2.283949561226e+01 
       6.319947380700e-01       2.258188509561e+01 
       6.352588225643e-01       2.232847985472e+01 
       6.385229071425e-01       2.207931379473e+01 
       6.417869918032e-01       2.183439614621e+01 
       6.450510765453e-01       2.159365116818e+01 
       6.483151613675e-01       2.135690051769e+01 
       6.515792462686e-01       2.112389740945e+01 
       6.548433312474e-01       2.089439626372e+01 
       6.581074163028e-01       2.066821731132e+01 
       6.613715014336e-01       2.044527569077e+01 
       6.646355866387e-01       2.022556034138e+01 
       6.678996719171e-01       2.000907770665e+01 
       6.711637572676e-01       1.979579691390e+01 
       6.744278426891e-01       1.958562577174e+01 
       6.776919281808e-01       1.937843024504e+01 
       6.809560137415e-01       1.917408551064e+01 
       6.842200993702e-01       1.897252639001e+01 
       6.874841850661e-01       1.877376703145e+01 
       6.907482708281e-01       1.857787870645e+01 
       6.940123566553e-01       1.838493619933e+01 
       6.972764425468e-01       1.819496390879e+01 
       7.005405285016e-01       1.800790731353e+01 
       7.038046145190e-01       1.782364814939e+01 
       7.070687005980e-01       1.764204875491e+01 
       7.103327867378e-01       1.746300276869e+01 
       7.135968729376e-01       1.728646309668e+01 
       7.168609591964e-01       1.711243166917e+01 
       7.201250455136e-01       1.694092194607e+01 
       7.233891318883e-01       1.677191419712e+01 
       7.266532183198e-01       1.660533314485e+01 
       7.299173048073e-01       1.644105676422e+01 
       7.331813913500e-01       1.627895557080e+01 
       7.364454779472e-01       1.611893602856e+01 
       7.397095645981e-01       1.596096587532e+01 
       7.429736513022e-01       1.580506625423e+01 
       7.462377380586e-01       1.565127796079e+01 
       7.495018248667e-01       1.549961908379e+01 
       7.527659117259e-01       1.535005844033e+01 
       7.560299986353e-01       1.520252037347e+01 
       7.592940855945e-01       1.505691292672e+01 
       7.625581726028e-01       1.491316742365e+01 
       7.658222596594e-01       1.477126188290e+01 
       7.690863467639e-01       1.463121765976e+01 
       7.723504339156e-01       1.449307114222e+01 
       7.756145211139e-01       1.435683738329e+01 
       8.503293442334e-01       1.167296733761e+01 
       9.601176867301e-01       8.855401504643e+00 
       1.136376891438e+00       6.004253781574e+00 
       1.477104874446e+00       3.242156475622e+00 
