# Matter power spectrum P(k) at redshift z=3
# for k=1.04471e-05 to 1.4771 h/Mpc,
# number of wavenumbers equal to 610
#    1:k (h/Mpc)              2:P (Mpc/h)^3        
       1.044710778456e-05       5.169052431930e+00 
       2.352499620073e-05       1.133477801246e+01 
       3.664984215946e-05       1.740416118892e+01 
       4.985804852804e-05       2.343885142578e+01 
       6.318663460318e-05       2.947472133677e+01 
       7.667357633159e-05       3.553919882827e+01 
       9.035815767348e-05       4.165611573988e+01 
       1.042813379168e-04       4.784770382007e+01 
       1.184861397855e-04       5.413562938403e+01 
       1.330180632196e-04       6.054163104674e+01 
       1.479255297055e-04       6.708797275927e+01 
       1.632603619546e-04       7.379780529059e+01 
       1.790783035056e-04       8.069548191022e+01 
       1.954395823693e-04       8.780685268689e+01 
       2.124095220339e-04       9.515955109391e+01 
       2.300592018393e-04       1.027832805363e+02 
       2.484661667110e-04       1.107101043994e+02 
       2.677151832479e-04       1.189747400055e+02 
       2.878990348656e-04       1.276148537548e+02 
       3.091193427000e-04       1.366713512751e+02 
       3.314873908376e-04       1.461886522721e+02 
       3.551249236880e-04       1.562149347185e+02 
       3.801648695413e-04       1.668023268495e+02 
       4.067519273244e-04       1.780074739894e+02 
       4.350429334598e-04       1.898896838411e+02 
       4.652069033858e-04       2.025136183591e+02 
       4.974246196847e-04       2.159468429862e+02 
       5.318876193774e-04       2.302598009957e+02 
       5.687964222270e-04       2.455247508548e+02 
       6.083578473175e-04       2.618143287735e+02 
       6.507812957038e-04       2.791998323461e+02 
       6.962739414064e-04       2.977497674077e+02 
       7.450348772151e-04       3.175234209679e+02 
       7.972484041576e-04       3.385739555793e+02 
       8.530768209561e-04       3.609401342901e+02 
       9.126532350826e-04       3.846478561001e+02 
       9.760750409206e-04       4.097025380310e+02 
       1.043398750531e-03       4.360927690162e+02 
       1.114636787170e-03       4.637863032443e+02 
       1.189756655821e-03       4.927307151349e+02 
       1.268682618058e-03       5.228566986122e+02 
       1.351299679685e-03       5.540795826855e+02 
       1.437459419845e-03       5.863019364850e+02 
       1.477104874446e-03       6.010127639147e+02 
       1.526987008205e-03       6.194181316953e+02 
       1.619688700500e-03       6.533169385634e+02 
       1.715359163907e-03       6.878856608013e+02 
       1.813788127656e-03       7.230124930383e+02 
       1.914766034724e-03       7.585893141046e+02 
       2.018088546480e-03       7.945122601318e+02 
       2.123559896017e-03       8.306857246833e+02 
       2.230995186067e-03       8.670067971247e+02 
       2.340221784260e-03       9.034175351022e+02 
       2.451079990199e-03       9.398282021878e+02 
       2.563423145669e-03       9.761789733494e+02 
       2.677117341510e-03       1.012409558496e+03 
       2.792040849952e-03       1.048469754705e+03 
       2.908083385036e-03       1.084304901319e+03 
       3.025145269360e-03       1.119881027207e+03 
       3.143136564410e-03       1.155168554603e+03 
       3.261976204565e-03       1.190126065324e+03 
       3.381591161524e-03       1.224728048019e+03 
       3.501915655796e-03       1.258961091729e+03 
       3.622890424572e-03       1.292800439975e+03 
       3.744462050043e-03       1.326226449401e+03 
       3.866582348729e-03       1.359230464902e+03 
       3.989207820046e-03       1.391798912016e+03 
       4.112299150891e-03       1.423922126602e+03 
       4.235820772265e-03       1.455593031931e+03 
       4.359740463569e-03       1.486804277999e+03 
       4.484029000138e-03       1.517552042247e+03 
       4.608659839712e-03       1.547831967607e+03 
       4.733608843764e-03       1.577642480445e+03 
       4.858854029910e-03       1.606978613620e+03 
       4.984375351934e-03       1.635844136246e+03 
       5.110154504307e-03       1.664234152322e+03 
       5.236174748391e-03       1.692153281921e+03 
       5.362420757829e-03       1.719599187543e+03 
       5.488878480875e-03       1.746573651218e+03 
       5.615535017722e-03       1.773080646735e+03 
       5.742378511059e-03       1.799120489112e+03 
       5.869398048343e-03       1.824696843511e+03 
       5.996583574418e-03       1.849812043755e+03 
       6.123925813304e-03       1.874469270276e+03 
       6.251416198103e-03       1.898671517653e+03 
       6.379046808096e-03       1.922421945024e+03 
       6.506810312234e-03       1.945725271077e+03 
       6.634699918297e-03       1.968583773257e+03 
       6.762709327105e-03       1.991000667481e+03 
       6.890832691211e-03       2.012982385959e+03 
       7.019064577612e-03       2.034531662792e+03 
       7.147399934020e-03       2.055652008267e+03 
       7.275834058339e-03       2.076348698614e+03 
       7.404362570993e-03       2.096625372729e+03 
       7.532981389812e-03       2.116486423209e+03 
       7.661686707215e-03       2.135936013239e+03 
       7.790474969457e-03       2.154978566704e+03 
       7.919342857728e-03       2.173618078347e+03 
       8.048287270915e-03       2.191858932001e+03 
       8.177305309874e-03       2.209705451973e+03 
       8.306394263062e-03       2.227161884067e+03 
       8.435551593380e-03       2.244232554055e+03 
       8.564774926146e-03       2.260923032803e+03 
       8.694062038053e-03       2.277235252562e+03 
       8.823410847051e-03       2.293174857151e+03 
       8.952819403048e-03       2.308747327111e+03 
       9.082285879367e-03       2.323954191868e+03 
       9.211808564885e-03       2.338800730904e+03 
       9.341385856791e-03       2.353291931923e+03 
       9.471016253917e-03       2.367430631484e+03 
       9.600698350587e-03       2.381221411519e+03 
       9.730430830930e-03       2.394670107190e+03 
       9.860212463645e-03       2.407776946623e+03 
       9.990042097138e-03       2.420547766776e+03 
       1.011991865505e-02       2.432986350404e+03 
       1.024984113208e-02       2.445096621765e+03 
       1.037980859018e-02       2.456882401142e+03 
       1.050982015495e-02       2.468346162446e+03 
       1.063987501235e-02       2.479496419947e+03 
       1.076997240564e-02       2.490330902308e+03 
       1.090011163252e-02       2.500855620320e+03 
       1.103029204250e-02       2.511077298672e+03 
       1.116051303443e-02       2.520993999503e+03 
       1.129077405425e-02       2.530612748874e+03 
       1.142107459283e-02       2.539935107226e+03 
       1.155141418403e-02       2.548966108062e+03 
       1.168179240286e-02       2.557708045386e+03 
       1.181220886377e-02       2.566167417119e+03 
       1.194266321907e-02       2.574343507273e+03 
       1.207315515747e-02       2.582241052624e+03 
       1.220368440267e-02       2.589865045603e+03 
       1.233425071214e-02       2.597215346876e+03 
       1.246485387591e-02       2.604299819293e+03 
       1.259549371546e-02       2.611117556057e+03 
       1.272617008273e-02       2.617673448171e+03 
       1.285688285912e-02       2.623972219661e+03 
       1.298763195469e-02       2.630013982325e+03 
       1.311841730728e-02       2.635805614520e+03 
       1.324923888179e-02       2.641347258054e+03 
       1.338009666945e-02       2.646641896876e+03 
       1.351099068725e-02       2.651693774552e+03 
       1.364192097726e-02       2.656508245771e+03 
       1.377288760616e-02       2.661083311112e+03 
       1.390389066467e-02       2.665425823184e+03 
       1.403493026719e-02       2.669535229647e+03 
       1.416600655127e-02       2.673418462653e+03 
       1.429711967733e-02       2.677075257671e+03 
       1.442826982827e-02       2.680511490971e+03 
       1.455945720918e-02       2.683726026505e+03 
       1.469068204705e-02       2.686725966541e+03 
       1.477104874446e-02       2.688455977151e+03 
       1.482194459054e-02       2.689509730955e+03 
       1.495324510977e-02       2.692082022149e+03 
       1.508458389613e-02       2.694446022534e+03 
       1.521596126214e-02       2.696605313186e+03 
       1.534737754128e-02       2.698560137771e+03 
       1.547883308795e-02       2.700316531106e+03 
       1.561032827732e-02       2.701873840332e+03 
       1.574186350532e-02       2.703235981037e+03 
       1.587343918860e-02       2.704405554530e+03 
       1.600505576448e-02       2.705384105559e+03 
       1.613671369103e-02       2.706176292479e+03 
       1.626841344703e-02       2.706782299131e+03 
       1.640015553206e-02       2.707206007905e+03 
       1.653194046657e-02       2.707448915794e+03 
       1.666376879193e-02       2.707513334458e+03 
       1.679564107059e-02       2.707403616595e+03 
       1.692755788618e-02       2.707120460655e+03 
       1.705951984365e-02       2.706666680819e+03 
       1.719152756943e-02       2.706044958360e+03 
       1.732358171163e-02       2.705257416951e+03 
       1.745568294023e-02       2.704307890256e+03 
       1.758783194727e-02       2.703196586783e+03 
       1.772002944710e-02       2.701928597245e+03 
       1.785227617663e-02       2.700504286954e+03 
       1.798457289560e-02       2.698927183256e+03 
       1.811692038685e-02       2.697198609170e+03 
       1.824931945660e-02       2.695322284072e+03 
       1.838177093480e-02       2.693298995542e+03 
       1.851427567544e-02       2.691131095498e+03 
       1.864683455691e-02       2.688820790630e+03 
       1.877944848234e-02       2.686371140002e+03 
       1.891211838003e-02       2.683782534881e+03 
       1.904484520378e-02       2.681057155759e+03 
       1.917762993338e-02       2.678197385672e+03 
       1.931047357499e-02       2.675205312047e+03 
       1.944337716161e-02       2.672082354321e+03 
       1.957634175356e-02       2.668830148075e+03 
       1.970936843893e-02       2.665451844074e+03 
       1.984245833414e-02       2.661948170750e+03 
       1.997561258441e-02       2.658322877923e+03 
       2.010883236435e-02       2.654576648872e+03 
       2.024211887849e-02       2.650712883174e+03 
       2.037547336187e-02       2.646732843242e+03 
       2.050889708064e-02       2.642639265248e+03 
       2.064239133270e-02       2.638435182225e+03 
       2.077595744833e-02       2.634121898522e+03 
       2.090959679084e-02       2.629702282767e+03 
       2.104331075728e-02       2.625178156315e+03 
       2.117710077915e-02       2.620552250169e+03 
       2.131096832311e-02       2.615825449925e+03 
       2.144491489175e-02       2.611000726915e+03 
       2.157894202439e-02       2.606079931672e+03 
       2.171305129784e-02       2.601063742071e+03 
       2.184724432727e-02       2.595953856113e+03 
       2.198152276703e-02       2.590752385879e+03 
       2.211588831157e-02       2.585451246458e+03 
       2.225034269635e-02       2.580059412838e+03 
       2.238488769873e-02       2.574581401290e+03 
       2.251952513899e-02       2.569015914464e+03 
       2.265425688132e-02       2.563367997875e+03 
       2.278908483483e-02       2.557636776752e+03 
       2.292401095464e-02       2.551824157120e+03 
       2.305903724295e-02       2.545933198919e+03 
       2.319416575018e-02       2.539964430947e+03 
       2.332939857613e-02       2.533920414653e+03 
       2.346473787121e-02       2.527801896442e+03 
       2.360018583764e-02       2.521610995300e+03 
       2.373574473074e-02       2.515348619362e+03 
       2.387141686027e-02       2.509016613455e+03 
       2.400720459176e-02       2.502617918819e+03 
       2.414311034793e-02       2.496151544738e+03 
       2.427913661014e-02       2.489621548306e+03 
       2.441528591987e-02       2.483027282951e+03 
       2.455156088027e-02       2.476372283004e+03 
       2.468796415777e-02       2.469656258423e+03 
       2.482449848368e-02       2.462881183607e+03 
       2.496116665592e-02       2.456049566805e+03 
       2.509797154075e-02       2.449161536203e+03 
       2.523491607461e-02       2.442219506503e+03 
       2.537200326594e-02       2.435224180521e+03 
       2.550923619716e-02       2.428176461257e+03 
       2.564661802662e-02       2.421079077062e+03 
       2.578415199067e-02       2.413932081200e+03 
       2.592184140582e-02       2.406737720414e+03 
       2.605968967090e-02       2.399496183679e+03 
       2.619770026935e-02       2.392210547489e+03 
       2.633587677157e-02       2.384881180646e+03 
       2.647422283736e-02       2.377509192515e+03 
       2.661274221843e-02       2.370095420514e+03 
       2.675143876100e-02       2.362641367815e+03 
       2.689031640850e-02       2.355149278654e+03 
       2.702937920436e-02       2.347619885611e+03 
       2.716863129490e-02       2.340053550932e+03 
       2.730807693231e-02       2.332451687357e+03 
       2.744772047776e-02       2.324816283849e+03 
       2.758756640460e-02       2.317147894217e+03 
       2.772761930169e-02       2.309447354633e+03 
       2.786788387685e-02       2.301716474932e+03 
       2.800836496043e-02       2.293955763496e+03 
       2.814906750901e-02       2.286166594890e+03 
       2.828999660926e-02       2.278349827075e+03 
       2.843115748194e-02       2.270506751456e+03 
       2.857255548598e-02       2.262638695579e+03 
       2.871419612286e-02       2.254745484321e+03 
       2.885608504102e-02       2.246829556013e+03 
       2.899822804051e-02       2.238891049854e+03 
       2.914063107783e-02       2.230930979956e+03 
       2.928330027089e-02       2.222950572329e+03 
       2.942624190427e-02       2.214950542211e+03 
       2.956946243458e-02       2.206931887813e+03 
       2.971296849615e-02       2.198895804316e+03 
       2.985676690682e-02       2.190842566657e+03 
       3.000086467412e-02       2.182773420552e+03 
       3.014526900156e-02       2.174689296349e+03 
       3.028998729527e-02       2.166590406991e+03 
       3.043502717088e-02       2.158478356076e+03 
       3.058039646075e-02       2.150353951922e+03 
       3.072610322139e-02       2.142217162536e+03 
       3.087215574134e-02       2.134069384849e+03 
       3.101856254929e-02       2.125911232584e+03 
       3.116533242257e-02       2.117743346145e+03 
       3.131247439611e-02       2.109566622494e+03 
       3.145999777163e-02       2.101381611593e+03 
       3.160791212741e-02       2.093189592578e+03 
       3.175622732841e-02       2.084990178188e+03 
       3.190495353684e-02       2.076784688094e+03 
       3.205410122331e-02       2.068573518971e+03 
       3.220368117839e-02       2.060357489506e+03 
       3.235370452482e-02       2.052137433845e+03 
       3.250418273018e-02       2.043913527622e+03 
       3.265512762032e-02       2.035685967078e+03 
       3.280655139325e-02       2.027456453457e+03 
       3.295846663393e-02       2.019224093666e+03 
       3.311088632959e-02       2.010990972920e+03 
       3.326382388592e-02       2.002756155121e+03 
       3.341729314407e-02       1.994521196289e+03 
       3.357130839852e-02       1.986285853386e+03 
       3.372588441578e-02       1.978050751726e+03 
       3.388103645419e-02       1.969816531343e+03 
       3.403678028470e-02       1.961583789178e+03 
       3.419313221269e-02       1.953352190593e+03 
       3.435010910110e-02       1.945122884859e+03 
       3.450772839467e-02       1.936895854060e+03 
       3.466600814561e-02       1.928671547041e+03 
       3.482496704063e-02       1.920450141966e+03 
       3.498462442950e-02       1.912232094059e+03 
       3.514500035523e-02       1.904017690191e+03 
       3.530611558600e-02       1.895807182863e+03 
       3.546799164887e-02       1.887600844507e+03 
       3.563065086553e-02       1.879398684170e+03 
       3.579411639015e-02       1.871201527184e+03 
       3.595841224945e-02       1.863008952916e+03 
       3.612356338527e-02       1.854821126302e+03 
       3.628959569969e-02       1.846638928756e+03 
       3.645653610301e-02       1.838461607232e+03 
       3.662441256466e-02       1.830289960834e+03 
       3.679325416744e-02       1.822123827792e+03 
       3.696309116519e-02       1.813963131978e+03 
       3.713395504424e-02       1.805808091507e+03 
       3.730587858893e-02       1.797658686323e+03 
       3.747889595148e-02       1.789514955647e+03 
       3.765304272663e-02       1.781377086892e+03 
       3.782835603139e-02       1.773244683194e+03 
       3.800487459033e-02       1.765117816419e+03 
       3.818263882690e-02       1.756996682530e+03 
       3.836169096129e-02       1.748880735386e+03 
       3.854207511534e-02       1.740770223860e+03 
       3.872383742523e-02       1.732664868894e+03 
       3.890702616249e-02       1.724564390353e+03 
       3.909169186425e-02       1.716468583646e+03 
       3.927788747344e-02       1.708377228092e+03 
       3.946566848990e-02       1.700290131872e+03 
       3.965509313346e-02       1.692207089857e+03 
       3.984622252016e-02       1.684127511796e+03 
       4.003912085272e-02       1.676051119879e+03 
       4.023385562690e-02       1.667977635012e+03 
       4.043049785513e-02       1.659906407110e+03 
       4.062912230937e-02       1.651837224769e+03 
       4.082980778491e-02       1.643769364248e+03 
       4.103263738767e-02       1.635702458248e+03 
       4.123769884711e-02       1.627635781581e+03 
       4.144508485794e-02       1.619568726314e+03 
       4.165489345340e-02       1.611500613815e+03 
       4.186722841404e-02       1.603430752235e+03 
       4.208219971574e-02       1.595358311698e+03 
       4.229992402178e-02       1.587282401307e+03 
       4.252052522401e-02       1.579202297136e+03 
       4.274413503917e-02       1.571116846883e+03 
       4.297089366708e-02       1.563025125355e+03 
       4.320095051840e-02       1.554925969859e+03 
       4.343446502105e-02       1.546818344060e+03 
       4.367160751533e-02       1.538700728731e+03 
       4.391256024965e-02       1.530572070967e+03 
       4.415751849046e-02       1.522430755903e+03 
       4.440669176234e-02       1.514275229840e+03 
       4.466030523646e-02       1.506103974583e+03 
       4.491860128902e-02       1.497915157343e+03 
       4.518184125474e-02       1.489706877692e+03 
       4.545030740479e-02       1.481477031024e+03 
       4.572430518394e-02       1.473223507895e+03 
       4.600416574778e-02       1.464943942757e+03 
       4.629024884859e-02       1.456635785390e+03 
       4.658294612764e-02       1.448296190858e+03 
       4.688268488277e-02       1.439922254142e+03 
       4.718993239384e-02       1.431510597499e+03 
       4.750520090553e-02       1.423057705825e+03 
       4.782905338734e-02       1.414559792593e+03 
       4.816211021665e-02       1.406012416193e+03 
       4.850505696178e-02       1.397411092597e+03 
       4.885865348240e-02       1.388750500969e+03 
       4.922374461340e-02       1.380024944401e+03 
       4.960127276135e-02       1.371228052665e+03 
       4.999229282082e-02       1.362352666194e+03 
       5.039798991797e-02       1.353390740961e+03 
       5.081970061492e-02       1.344333204269e+03 
       5.125893837006e-02       1.335169602384e+03 
       5.171742425466e-02       1.325888134835e+03 
       5.219712418807e-02       1.316474971678e+03 
       5.270029428646e-02       1.306914114551e+03 
       5.322953634054e-02       1.297186723628e+03 
       5.378786596154e-02       1.287270326345e+03 
       5.437879657558e-02       1.277138094387e+03 
       5.500644319871e-02       1.266757215698e+03 
       5.567565074735e-02       1.256087524432e+03 
       5.639215240080e-02       1.245078843916e+03 
       5.716276392592e-02       1.233667873791e+03 
       5.799561922908e-02       1.221773466674e+03 
       5.890044936072e-02       1.209290264641e+03 
       5.988889914659e-02       1.196079820939e+03 
       6.097485780646e-02       1.181957988612e+03 
       6.217474444600e-02       1.166678188351e+03 
       6.350762503545e-02       1.149909952028e+03 
       6.499493448402e-02       1.131214019396e+03 
       6.665944451792e-02       1.110020879388e+03 
       6.852302612942e-02       1.085628084496e+03 
       7.060289908866e-02       1.057245250250e+03 
       7.290673807633e-02       1.024122750332e+03 
       7.542826892230e-02       9.857786626630e+02 
       7.814597782380e-02       9.422701164095e+02 
       8.102664669728e-02       8.943797228906e+02 
       8.403244246834e-02       8.435926849316e+02 
       8.712797475186e-02       7.918558560271e+02 
       9.028448989541e-02       7.412298421027e+02 
       9.348085467111e-02       6.935669665812e+02 
       9.670257011118e-02       6.502919824162e+02 
       9.994013224423e-02       6.122997582621e+02 
       1.031874912896e-01       5.799486535434e+02 
       1.064408666270e-01       5.531170414214e+02 
       1.096979224999e-01       5.312930144556e+02 
       1.129572258408e-01       5.136761397079e+02 
       1.162179010709e-01       4.992800494225e+02 
       1.194794145096e-01       4.870323805786e+02 
       1.227414412740e-01       4.758716456662e+02 
       1.260037836754e-01       4.648392264883e+02 
       1.292663213955e-01       4.531606849213e+02 
       1.325289811436e-01       4.403071392795e+02 
       1.357917182043e-01       4.260271893662e+02 
       1.390545052266e-01       4.103438276429e+02 
       1.423173254148e-01       3.935174743110e+02 
       1.455801683949e-01       3.759831488489e+02 
       1.477104874446e-01       3.644056980084e+02 
       1.488430277037e-01       3.582740251901e+02 
       1.521058992649e-01       3.409444067785e+02 
       1.553687804625e-01       3.245026998035e+02 
       1.586316695774e-01       3.093610208653e+02 
       1.618945654455e-01       2.958039702675e+02 
       1.651574672481e-01       2.839758835082e+02 
       1.684203743847e-01       2.738837865789e+02 
       1.716832863947e-01       2.654123600363e+02 
       1.749462029097e-01       2.583471857872e+02 
       1.782091236230e-01       2.524030035435e+02 
       1.814720482715e-01       2.472543790999e+02 
       1.847349766240e-01       2.425666381882e+02 
       1.879979084730e-01       2.380251864868e+02 
       1.912608436304e-01       2.334082046498e+02 
       1.945237819236e-01       2.284990216416e+02 
       1.977867231931e-01       2.231270690602e+02 
       2.010496672913e-01       2.172431993696e+02 
       2.043126140804e-01       2.108824390234e+02 
       2.075755634319e-01       2.041524896459e+02 
       2.108385152255e-01       1.972134687037e+02 
       2.141014693485e-01       1.902521107936e+02 
       2.173644256951e-01       1.834551976886e+02 
       2.206273841657e-01       1.769869608358e+02 
       2.238903446669e-01       1.709737103669e+02 
       2.271533071104e-01       1.654966081045e+02 
       2.304162714131e-01       1.605913849781e+02 
       2.336792374967e-01       1.562526253675e+02 
       2.369422052869e-01       1.524402468911e+02 
       2.402051747138e-01       1.490866059392e+02 
       2.434681457112e-01       1.461037659390e+02 
       2.467311182163e-01       1.433911758138e+02 
       2.499940921697e-01       1.408441417592e+02 
       2.532570675151e-01       1.383629476052e+02 
       2.565200441990e-01       1.358617557040e+02 
       2.597830221706e-01       1.332759035885e+02 
       2.630460013818e-01       1.305662839012e+02 
       2.663089817867e-01       1.277201269557e+02 
       2.695719633417e-01       1.247484457529e+02 
       2.728349460053e-01       1.216811785475e+02 
       2.760979297379e-01       1.185613467848e+02 
       2.793609145019e-01       1.154392818446e+02 
       2.826239002614e-01       1.123674375677e+02 
       2.858868869820e-01       1.093958134143e+02 
       2.891498746311e-01       1.065678488067e+02 
       2.924128631773e-01       1.039167999402e+02 
       2.956758525909e-01       1.014629165367e+02 
       2.989388428433e-01       9.921192134360e+01 
       3.022018339071e-01       9.715522296336e+01 
       3.054648257563e-01       9.527193811198e+01 
       3.087278183657e-01       9.353234692538e+01 
       3.119908117114e-01       9.190204530599e+01 
       3.152538057705e-01       9.034596657647e+01 
       3.185168005209e-01       8.883163814973e+01 
       3.217797959414e-01       8.733141933838e+01 
       3.250427920118e-01       8.582383378156e+01 
       3.283057887125e-01       8.429429014819e+01 
       3.315687860250e-01       8.273544114017e+01 
       3.348317839312e-01       8.114721614670e+01 
       3.380947824139e-01       7.953637665419e+01 
       3.413577814564e-01       7.791538977077e+01 
       3.446207810427e-01       7.630058595599e+01 
       3.478837811576e-01       7.470981694878e+01 
       3.511467817862e-01       7.316006160841e+01 
       3.544097829141e-01       7.166546915920e+01 
       3.576727845278e-01       7.023617629893e+01 
       3.609357866140e-01       6.887795435788e+01 
       3.641987891599e-01       6.759248203004e+01 
       3.674617921532e-01       6.637791234926e+01 
       3.707247955821e-01       6.522945245641e+01 
       3.739877994350e-01       6.413985194289e+01 
       3.772508037011e-01       6.309987553566e+01 
       3.805138083694e-01       6.209892774960e+01 
       3.837768134299e-01       6.112594332205e+01 
       3.870398188725e-01       6.017049854649e+01 
       3.903028246876e-01       5.922393558687e+01 
       3.935658308658e-01       5.828021580610e+01 
       3.968288373983e-01       5.733628070533e+01 
       4.000918442762e-01       5.639186704381e+01 
       4.033548514912e-01       5.544891315877e+01 
       4.066178590352e-01       5.451080490828e+01 
       4.098808669001e-01       5.358170181476e+01 
       4.131438750785e-01       5.266606145382e+01 
       4.164068835629e-01       5.176833924256e+01 
       4.196698923461e-01       5.089274471335e+01 
       4.229329014213e-01       5.004294252570e+01 
       4.261959107815e-01       4.922167201416e+01 
       4.294589204205e-01       4.843037172250e+01 
       4.327219303317e-01       4.766895317187e+01 
       4.359849405091e-01       4.693584646540e+01 
       4.392479509468e-01       4.622833527690e+01 
       4.425109616389e-01       4.554308262683e+01 
       4.457739725798e-01       4.487667341268e+01 
       4.490369837641e-01       4.422600967699e+01 
       4.522999951866e-01       4.358848042526e+01 
       4.555630068420e-01       4.296194117739e+01 
       4.588260187254e-01       4.234461812073e+01 
       4.620890308319e-01       4.173506161098e+01 
       4.653520431569e-01       4.113220772648e+01 
       4.686150556957e-01       4.053551748574e+01 
       4.718780684439e-01       3.994509634486e+01 
       4.751410813972e-01       3.936169167171e+01 
       4.784040945513e-01       3.878652630505e+01 
       4.816671079022e-01       3.822101041754e+01 
       4.849301214459e-01       3.766643664184e+01 
       4.881931351784e-01       3.712377030412e+01 
       4.914561490961e-01       3.659359294432e+01 
       4.947191631953e-01       3.607617651804e+01 
       4.979821774723e-01       3.557160843433e+01 
       5.012451919237e-01       3.507987127774e+01 
       5.045082065461e-01       3.460082669151e+01 
       5.077712213362e-01       3.413411999051e+01 
       5.110342362907e-01       3.367907837709e+01 
       5.142972514066e-01       3.323468485795e+01 
       5.175602666807e-01       3.279967303082e+01 
       5.208232821101e-01       3.237272168689e+01 
       5.240862976918e-01       3.195267541228e+01 
       5.273493134231e-01       3.153870285287e+01 
       5.306123293012e-01       3.113033777426e+01 
       5.338753453233e-01       3.072740712107e+01 
       5.371383614869e-01       3.032990368074e+01 
       5.404013777893e-01       2.993787857595e+01 
       5.436643942281e-01       2.955140439366e+01 
       5.469274108007e-01       2.917060954969e+01 
       5.501904275049e-01       2.879573795263e+01 
       5.534534443383e-01       2.842717232655e+01 
       5.567164612986e-01       2.806538224079e+01 
       5.599794783835e-01       2.771080379669e+01 
       5.632424955910e-01       2.736370095984e+01 
       5.665055129188e-01       2.702407309625e+01 
       5.697685303650e-01       2.669165235211e+01 
       5.730315479274e-01       2.636598976563e+01 
       5.762945656042e-01       2.604658578743e+01 
       5.795575833933e-01       2.573300264833e+01 
       5.828206012929e-01       2.542491173549e+01 
       5.860836193011e-01       2.512206795941e+01 
       5.893466374161e-01       2.482424356371e+01 
       5.926096556362e-01       2.453117245098e+01 
       5.958726739596e-01       2.424254514430e+01 
       5.991356923846e-01       2.395806046432e+01 
       6.023987109095e-01       2.367750408708e+01 
       6.056617295328e-01       2.340080699951e+01 
       6.089247482529e-01       2.312804741074e+01 
       6.121877670682e-01       2.285939090157e+01 
       6.154507859772e-01       2.259499795612e+01 
       6.187138049784e-01       2.233494518803e+01 
       6.219768240703e-01       2.207919762416e+01 
       6.252398432515e-01       2.182764103025e+01 
       6.285028625207e-01       2.158014983336e+01 
       6.317658818765e-01       2.133664913255e+01 
       6.350289013175e-01       2.109713476903e+01 
       6.382919208423e-01       2.086164124448e+01 
       6.415549404499e-01       2.063017822740e+01 
       6.448179601388e-01       2.040267335186e+01 
       6.480809799078e-01       2.017895512155e+01 
       6.513439997558e-01       1.995878616712e+01 
       6.546070196815e-01       1.974192887937e+01 
       6.578700396838e-01       1.952820837292e+01 
       6.611330597616e-01       1.931754028910e+01 
       6.643960799137e-01       1.910991119153e+01 
       6.676591001391e-01       1.890532648227e+01 
       6.709221204367e-01       1.870375789351e+01 
       6.741851408053e-01       1.850512055496e+01 
       6.774481612441e-01       1.830929121653e+01 
       6.807111817519e-01       1.811615560407e+01 
       6.839742023279e-01       1.792565568670e+01 
       6.872372229710e-01       1.773780816405e+01 
       6.905002436802e-01       1.755268261128e+01 
       6.937632644547e-01       1.737035105777e+01 
       6.970262852934e-01       1.719083632072e+01 
       7.002893061956e-01       1.701408603843e+01 
       7.035523271604e-01       1.683998613801e+01 
       7.068153481868e-01       1.666840430076e+01 
       7.100783692740e-01       1.649923783787e+01 
       7.133413904211e-01       1.633243995070e+01 
       7.166044116274e-01       1.616801158700e+01 
       7.198674328921e-01       1.600596517623e+01 
       7.231304542143e-01       1.584628277249e+01 
       7.263934755933e-01       1.568889375439e+01 
       7.296564970283e-01       1.553368434109e+01 
       7.329195185186e-01       1.538053325254e+01 
       7.361825400634e-01       1.522935308615e+01 
       7.394455616620e-01       1.508011412863e+01 
       7.427085833137e-01       1.493283730959e+01 
       7.459716050178e-01       1.478756159827e+01 
       7.492346267736e-01       1.464430421554e+01 
       7.524976485804e-01       1.450303574690e+01 
       7.557606704376e-01       1.436368391666e+01 
       7.590236923445e-01       1.422616168465e+01 
       7.622867143005e-01       1.409040325930e+01 
       7.655497363050e-01       1.395638705272e+01 
       7.688127583573e-01       1.382413246129e+01 
       7.720757804568e-01       1.369367304715e+01 
       7.753388026029e-01       1.356502182093e+01 
       7.786018247951e-01       1.343814805078e+01 
       8.545841300890e-01       1.089735506923e+01 
       9.668027891567e-01       8.229490385034e+00 
       1.147440667458e+00       5.542218069286e+00 
       1.477104874446e+00       3.060864505146e+00 
