# Matter power spectrum P(k) at redshift z=3
# for k=1.0421e-05 to 1.4771 h/Mpc,
# number of wavenumbers equal to 614
#    1:k (h/Mpc)              2:P (Mpc/h)^3        
       1.042102178841e-05       5.034327960710e+00 
       2.326555790765e-05       1.094801030108e+01 
       3.615501150603e-05       1.676962148641e+01 
       4.912386650345e-05       2.255718578310e+01 
       6.220717400755e-05       2.834440740597e+01 
       7.544086309675e-05       3.415696052150e+01 
       8.886206148719e-05       4.001707025182e+01 
       1.025094303265e-04       4.594539848337e+01 
       1.164235173897e-04       5.196201795889e+01 
       1.306471329857e-04       5.808700864474e+01 
       1.452257528910e-04       6.434087752222e+01 
       1.602079525688e-04       7.074489014702e+01 
       1.756458767644e-04       7.732135738581e+01 
       1.915957482075e-04       8.409390051564e+01 
       2.081184185221e-04       9.108770774897e+01 
       2.252799634027e-04       9.832978958352e+01 
       2.431523225089e-04       1.058492367260e+02 
       2.618139821441e-04       1.136774815175e+02 
       2.813506953527e-04       1.218485611832e+02 
       3.018562292776e-04       1.303993783729e+02 
       3.234331231003e-04       1.393699511828e+02 
       3.461934312381e-04       1.488036407327e+02 
       3.702594153396e-04       1.587473395343e+02 
       3.957641347302e-04       1.692515979046e+02 
       4.228518683248e-04       1.803706589681e+02 
       4.516782821253e-04       1.921623653601e+02 
       4.824102365176e-04       2.046878934964e+02 
       5.152251090836e-04       2.180112651499e+02 
       5.503094954408e-04       2.321985831968e+02 
       5.878571483251e-04       2.473169407244e+02 
       6.280660308479e-04       2.634329638837e+02 
       6.711344013443e-04       2.806109712076e+02 
       7.172559209505e-04       2.989107684611e+02 
       7.666138832128e-04       3.183851476288e+02 
       8.193748018967e-04       3.390772185739e+02 
       8.756817420164e-04       3.610177618879e+02 
       9.356479117021e-04       3.842228401870e+02 
       9.993511132761e-04       4.086919253251e+02 
       1.066829647289e-03       4.344067786091e+02 
       1.138080154551e-03       4.613312528006e+02 
       1.213057675347e-03       4.894120826104e+02 
       1.291677937701e-03       5.185806001146e+02 
       1.373821613537e-03       5.487539999747e+02 
       1.459340061485e-03       5.798388174820e+02 
       1.477104874446e-03       5.862546345797e+02 
       1.548061949893e-03       6.117393564968e+02 
       1.639800137281e-03       6.443534385952e+02 
       1.734358264950e-03       6.775779801847e+02 
       1.831536654293e-03       7.113113916438e+02 
       1.931137260540e-03       7.454555030616e+02 
       2.032967583078e-03       7.799170129417e+02 
       2.136843550056e-03       8.146084999451e+02 
       2.242591474352e-03       8.494490544545e+02 
       2.350049221394e-03       8.843645929836e+02 
       2.459066743967e-03       9.192879226627e+02 
       2.569506134118e-03       9.541585959527e+02 
       2.681241325596e-03       9.889226188703e+02 
       2.794157558462e-03       1.023532048037e+03 
       2.908150694785e-03       1.057944519932e+03 
       3.023126453312e-03       1.092122753819e+03 
       3.138999612955e-03       1.126034048365e+03 
       3.255693220150e-03       1.159649813340e+03 
       3.373137823618e-03       1.192945126637e+03 
       3.491270751286e-03       1.225898351810e+03 
       3.610035437715e-03       1.258490786970e+03 
       3.729380805813e-03       1.290706363033e+03 
       3.849260703469e-03       1.322531364024e+03 
       3.969633393656e-03       1.353954179999e+03 
       4.090461095278e-03       1.384965078269e+03 
       4.211709571263e-03       1.415555985256e+03 
       4.333347760103e-03       1.445720304376e+03 
       4.455347446893e-03       1.475452727471e+03 
       4.577682970059e-03       1.504749090038e+03 
       4.700330960120e-03       1.533606234702e+03 
       4.823270107087e-03       1.562021892937e+03 
       4.946480953389e-03       1.589994575133e+03 
       5.069945709480e-03       1.617523494187e+03 
       5.193648089592e-03       1.644608468126e+03 
       5.317573165342e-03       1.671249705223e+03 
       5.441707235149e-03       1.697448106954e+03 
       5.566037707676e-03       1.723205010973e+03 
       5.690552997662e-03       1.748522042233e+03 
       5.815242432765e-03       1.773401134239e+03 
       5.940096170131e-03       1.797844506170e+03 
       6.065105121611e-03       1.821854632562e+03 
       6.190260886642e-03       1.845434240895e+03 
       6.315555691934e-03       1.868586175660e+03 
       6.440982337211e-03       1.891313574482e+03 
       6.566534146335e-03       1.913619653990e+03 
       6.692204923229e-03       1.935507784522e+03 
       6.817988912074e-03       1.956981422472e+03 
       6.943880761327e-03       1.978044145692e+03 
       7.069875491150e-03       1.998699558124e+03 
       7.195968463892e-03       2.018951435667e+03 
       7.322155357305e-03       2.038803314370e+03 
       7.448432140215e-03       2.058259158475e+03 
       7.574795050395e-03       2.077322748881e+03 
       7.701240574420e-03       2.095997750676e+03 
       7.827765429298e-03       2.114288194816e+03 
       7.954366545720e-03       2.132197890463e+03 
       8.081041052742e-03       2.149730687961e+03 
       8.207786263795e-03       2.166890503795e+03 
       8.334599663865e-03       2.183681177770e+03 
       8.461478897751e-03       2.200106629328e+03 
       8.588421759295e-03       2.216170726383e+03 
       8.715426181494e-03       2.231877564395e+03 
       8.842490227407e-03       2.247231313647e+03 
       8.969612081806e-03       2.262235046383e+03 
       9.096790043469e-03       2.276892808347e+03 
       9.224022518101e-03       2.291208246080e+03 
       9.351308011788e-03       2.305185157851e+03 
       9.478645124965e-03       2.318827267577e+03 
       9.606032546845e-03       2.332138272149e+03 
       9.733469050268e-03       2.345121826783e+03 
       9.860953486934e-03       2.357781593364e+03 
       9.988484782997e-03       2.370121182349e+03 
       1.011606193498e-02       2.382144175358e+03 
       1.024368400600e-02       2.393854119689e+03 
       1.037135012223e-02       2.405254574456e+03 
       1.049905946969e-02       2.416349039185e+03 
       1.062681129118e-02       2.427141003243e+03 
       1.075460488353e-02       2.437633902183e+03 
       1.088243959493e-02       2.447831182636e+03 
       1.101031482254e-02       2.457736223614e+03 
       1.113823001027e-02       2.467352421169e+03 
       1.126618464662e-02       2.476683050075e+03 
       1.139417826280e-02       2.485731487211e+03 
       1.152221043088e-02       2.494500869528e+03 
       1.165028076211e-02       2.502994488831e+03 
       1.177838890536e-02       2.511215566077e+03 
       1.190653454568e-02       2.519167177404e+03 
       1.203471740291e-02       2.526852513119e+03 
       1.216293723044e-02       2.534274648878e+03 
       1.229119381404e-02       2.541436719674e+03 
       1.241948697076e-02       2.548341745188e+03 
       1.254781654792e-02       2.554992777231e+03 
       1.267618242218e-02       2.561392866066e+03 
       1.280458449868e-02       2.567545028104e+03 
       1.293302271019e-02       2.573452292303e+03 
       1.306149701641e-02       2.579117665928e+03 
       1.319000740325e-02       2.584544056633e+03 
       1.331855388220e-02       2.589734418809e+03 
       1.344713648974e-02       2.594691575404e+03 
       1.357575528682e-02       2.599418202020e+03 
       1.370441035833e-02       2.603917037901e+03 
       1.383310181267e-02       2.608190813167e+03 
       1.396182978132e-02       2.612242355108e+03 
       1.409059441849e-02       2.616074398291e+03 
       1.421939590075e-02       2.619689688652e+03 
       1.434823442673e-02       2.623090938084e+03 
       1.447711021688e-02       2.626280828822e+03 
       1.460602351317e-02       2.629262017807e+03 
       1.473497457893e-02       2.632037137906e+03 
       1.477104874446e-02       2.632776810148e+03 
       1.486396369865e-02       2.634608799519e+03 
       1.499299117780e-02       2.636979592002e+03 
       1.512205734273e-02       2.639152083242e+03 
       1.525116254054e-02       2.641128820685e+03 
       1.538030713903e-02       2.642912332976e+03 
       1.550949152660e-02       2.644505127160e+03 
       1.563871611225e-02       2.645909691821e+03 
       1.576798132556e-02       2.647128496244e+03 
       1.589728761668e-02       2.648163990740e+03 
       1.602663545635e-02       2.649018605467e+03 
       1.615602533601e-02       2.649694754138e+03 
       1.628545776778e-02       2.650194830030e+03 
       1.641493328461e-02       2.650521209737e+03 
       1.654445244036e-02       2.650676251259e+03 
       1.667401580993e-02       2.650662293360e+03 
       1.680362398939e-02       2.650481660243e+03 
       1.693327759617e-02       2.650136655782e+03 
       1.706297726917e-02       2.649629567416e+03 
       1.719272366905e-02       2.648962665672e+03 
       1.732251747834e-02       2.648138204192e+03 
       1.745235940174e-02       2.647158419408e+03 
       1.758225016633e-02       2.646025530524e+03 
       1.771219052184e-02       2.644741740988e+03 
       1.784218124093e-02       2.643309237084e+03 
       1.797222311948e-02       2.641730189301e+03 
       1.810231697689e-02       2.640006751337e+03 
       1.823246365643e-02       2.638141061006e+03 
       1.836266402556e-02       2.636135240609e+03 
       1.849291897631e-02       2.633991394871e+03 
       1.862322942565e-02       2.631711613939e+03 
       1.875359631587e-02       2.629297971828e+03 
       1.888402061503e-02       2.626752526802e+03 
       1.901450331733e-02       2.624077321425e+03 
       1.914504544362e-02       2.621274382413e+03 
       1.927564804182e-02       2.618345721533e+03 
       1.940631218742e-02       2.615293334471e+03 
       1.953703898397e-02       2.612119201758e+03 
       1.966782956361e-02       2.608825288336e+03 
       1.979868508761e-02       2.605413544008e+03 
       1.992960674689e-02       2.601885903789e+03 
       2.006059576266e-02       2.598244285858e+03 
       2.019165338697e-02       2.594490594906e+03 
       2.032278090333e-02       2.590626719420e+03 
       2.045397962736e-02       2.586654533064e+03 
       2.058525090744e-02       2.582575893747e+03 
       2.071659612542e-02       2.578392645480e+03 
       2.084801669727e-02       2.574106615930e+03 
       2.097951407384e-02       2.569719618956e+03 
       2.111108974161e-02       2.565233451424e+03 
       2.124274522344e-02       2.560649897222e+03 
       2.137448207941e-02       2.555970723782e+03 
       2.150630190759e-02       2.551197684154e+03 
       2.163820634493e-02       2.546332515527e+03 
       2.177019706812e-02       2.541376941340e+03 
       2.190227579449e-02       2.536332668907e+03 
       2.203444428295e-02       2.531201391515e+03 
       2.216670433494e-02       2.525984785669e+03 
       2.229905779545e-02       2.520684514716e+03 
       2.243150655399e-02       2.515302225759e+03 
       2.256405254571e-02       2.509839551352e+03 
       2.269669775241e-02       2.504298108351e+03 
       2.282944420373e-02       2.498679499585e+03 
       2.296229397829e-02       2.492985311947e+03 
       2.309524920484e-02       2.487217117983e+03 
       2.322831206354e-02       2.481376473620e+03 
       2.336148478720e-02       2.475464921503e+03 
       2.349476966261e-02       2.469483987863e+03 
       2.362816903187e-02       2.463435184504e+03 
       2.376168529379e-02       2.457320006820e+03 
       2.389532090534e-02       2.451139937032e+03 
       2.402907838311e-02       2.444896440825e+03 
       2.416296030486e-02       2.438590968883e+03 
       2.429696931109e-02       2.432224956501e+03 
       2.443110810667e-02       2.425799824607e+03 
       2.456537946255e-02       2.419316976643e+03 
       2.469978621744e-02       2.412777803256e+03 
       2.483433127968e-02       2.406183679314e+03 
       2.496901762903e-02       2.399535963192e+03 
       2.510384831865e-02       2.392835999010e+03 
       2.523882647700e-02       2.386085114634e+03 
       2.537395530997e-02       2.379284623472e+03 
       2.550923810293e-02       2.372435823328e+03 
       2.564467822297e-02       2.365539995834e+03 
       2.578027912112e-02       2.358598408583e+03 
       2.591604433469e-02       2.351612312638e+03 
       2.605197748971e-02       2.344582944068e+03 
       2.618808230344e-02       2.337511523128e+03 
       2.632436258691e-02       2.330399255040e+03 
       2.646082224764e-02       2.323247329378e+03 
       2.659746529242e-02       2.316056919434e+03 
       2.673429583015e-02       2.308829184913e+03 
       2.687131807483e-02       2.301565268442e+03 
       2.700853634866e-02       2.294266297186e+03 
       2.714595508519e-02       2.286933383190e+03 
       2.728357883267e-02       2.279567622328e+03 
       2.742141225745e-02       2.272170095610e+03 
       2.755946014757e-02       2.264741868405e+03 
       2.769772741641e-02       2.257283989990e+03 
       2.783621910655e-02       2.249797494167e+03 
       2.797494039373e-02       2.242283399085e+03 
       2.811389659095e-02       2.234742707452e+03 
       2.825309315279e-02       2.227176405604e+03 
       2.839253567982e-02       2.219585465737e+03 
       2.853222992324e-02       2.211970842763e+03 
       2.867218178967e-02       2.204333476688e+03 
       2.881239734615e-02       2.196674291301e+03 
       2.895288282528e-02       2.188994195122e+03 
       2.909364463068e-02       2.181294079941e+03 
       2.923468934255e-02       2.173574824019e+03 
       2.937602372354e-02       2.165837287547e+03 
       2.951765472482e-02       2.158082315775e+03 
       2.965958949239e-02       2.150310738130e+03 
       2.980183537372e-02       2.142523368188e+03 
       2.994439992458e-02       2.134721002771e+03 
       3.008729091623e-02       2.126904425260e+03 
       3.023051634288e-02       2.119074400586e+03 
       3.037408442950e-02       2.111231679011e+03 
       3.051800363992e-02       2.103376994319e+03 
       3.066228268537e-02       2.095511064499e+03 
       3.080693053329e-02       2.087634592143e+03 
       3.095195641663e-02       2.079748262665e+03 
       3.109736984354e-02       2.071852746441e+03 
       3.124318060745e-02       2.063948696772e+03 
       3.138939879770e-02       2.056036751141e+03 
       3.153603481057e-02       2.048117532194e+03 
       3.168309936094e-02       2.040191644245e+03 
       3.183060349438e-02       2.032259676613e+03 
       3.197855859988e-02       2.024322201753e+03 
       3.212697642321e-02       2.016379775425e+03 
       3.227586908090e-02       2.008432938868e+03 
       3.242524907487e-02       2.000482214192e+03 
       3.257512930787e-02       1.992528108300e+03 
       3.272552309965e-02       1.984571112120e+03 
       3.287644420391e-02       1.976611697667e+03 
       3.302790682618e-02       1.968650322475e+03 
       3.317992564258e-02       1.960687426474e+03 
       3.333251581958e-02       1.952723431722e+03 
       3.348569303480e-02       1.944758743292e+03 
       3.363947349891e-02       1.936793750463e+03 
       3.379387397868e-02       1.928828824199e+03 
       3.394891182134e-02       1.920864317483e+03 
       3.410460498026e-02       1.912900566059e+03 
       3.426097204200e-02       1.904937888659e+03 
       3.441803225498e-02       1.896976585843e+03 
       3.457580555970e-02       1.889016939002e+03 
       3.473431262072e-02       1.881059211933e+03 
       3.489357486049e-02       1.873103650586e+03 
       3.505361449520e-02       1.865150481587e+03 
       3.521445457272e-02       1.857199911703e+03 
       3.537611901285e-02       1.849252130341e+03 
       3.553863265000e-02       1.841307307500e+03 
       3.570202127852e-02       1.833365591228e+03 
       3.586631170080e-02       1.825427112028e+03 
       3.603153177852e-02       1.817491977952e+03 
       3.619771048704e-02       1.809560278060e+03 
       3.636487797339e-02       1.801632079429e+03 
       3.653306561807e-02       1.793707428190e+03 
       3.670230610085e-02       1.785786348409e+03 
       3.687263347112e-02       1.777868841591e+03 
       3.704408322295e-02       1.769954886711e+03 
       3.721669237535e-02       1.762044438963e+03 
       3.739049955815e-02       1.754137430041e+03 
       3.756554510393e-02       1.746233768196e+03 
       3.774187114662e-02       1.738333333429e+03 
       3.791952172726e-02       1.730435982437e+03 
       3.809854290752e-02       1.722541543370e+03 
       3.827898289180e-02       1.714649819509e+03 
       3.846089215861e-02       1.706760584822e+03 
       3.864432360202e-02       1.698873581080e+03 
       3.882933268430e-02       1.690988522693e+03 
       3.901597760060e-02       1.683105092567e+03 
       3.920431945694e-02       1.675222940576e+03 
       3.939442246287e-02       1.667341681446e+03 
       3.958635414005e-02       1.659460896692e+03 
       3.978018554863e-02       1.651580127824e+03 
       3.997599153295e-02       1.643698882284e+03 
       4.017385098881e-02       1.635816622878e+03 
       4.037384715448e-02       1.627932773613e+03 
       4.057606792801e-02       1.620046712287e+03 
       4.078060621370e-02       1.612157769930e+03 
       4.098756030100e-02       1.604265227909e+03 
       4.119703427957e-02       1.596368319624e+03 
       4.140913849443e-02       1.588466219696e+03 
       4.162399004622e-02       1.580558045414e+03 
       4.184171334168e-02       1.572642851657e+03 
       4.206244070063e-02       1.564719630786e+03 
       4.228631302633e-02       1.556787300610e+03 
       4.251348054734e-02       1.548844708104e+03 
       4.274410363993e-02       1.540890617379e+03 
       4.297835374180e-02       1.532923705808e+03 
       4.321641436919e-02       1.524942560104e+03 
       4.345848225159e-02       1.516945667910e+03 
       4.370476860049e-02       1.508931403478e+03 
       4.395550053120e-02       1.500898028407e+03 
       4.421092266010e-02       1.492843674575e+03 
       4.447129890348e-02       1.484766334741e+03 
       4.473691450855e-02       1.476663847669e+03 
       4.500807835289e-02       1.468533886449e+03 
       4.528512555504e-02       1.460373938455e+03 
       4.556842044703e-02       1.452181287027e+03 
       4.585835996925e-02       1.443952987097e+03 
       4.615537756002e-02       1.435685846884e+03 
       4.645994762648e-02       1.427376384992e+03 
       4.677259070135e-02       1.419020807784e+03 
       4.709387941197e-02       1.410614960762e+03 
       4.742444541518e-02       1.402154286004e+03 
       4.776498748523e-02       1.393633761158e+03 
       4.811628098448e-02       1.385047833725e+03 
       4.847918899899e-02       1.376390336099e+03 
       4.885467548823e-02       1.367654394864e+03 
       4.924382088196e-02       1.358832302160e+03 
       4.964784066434e-02       1.349915375107e+03 
       5.006810762076e-02       1.340893770021e+03 
       5.050617859623e-02       1.331756258921e+03 
       5.096382683406e-02       1.322489942356e+03 
       5.144308124492e-02       1.313079884191e+03 
       5.194627431189e-02       1.303508646296e+03 
       5.247610078564e-02       1.293755683828e+03 
       5.303568987919e-02       1.283796549222e+03 
       5.362869434266e-02       1.273601834167e+03 
       5.425940057014e-02       1.263135754934e+03 
       5.493286469853e-02       1.252354232259e+03 
       5.565508032334e-02       1.241202264170e+03 
       5.643318357460e-02       1.229610282487e+03 
       5.727570001094e-02       1.217489101127e+03 
       5.819283339962e-02       1.204722853484e+03 
       5.919678573700e-02       1.191159182315e+03 
       6.030207514225e-02       1.176595789644e+03 
       6.152577450269e-02       1.160762614171e+03 
       6.288751751799e-02       1.143299771882e+03 
       6.440900396521e-02       1.123734121027e+03 
       6.611260691440e-02       1.101463364079e+03 
       6.801864867397e-02       1.075767246761e+03 
       7.014121063837e-02       1.045877552683e+03 
       7.248324384990e-02       1.011138130809e+03 
       7.503305028551e-02       9.712494227722e+02 
       7.776467187256e-02       9.265160456111e+02 
       8.064294811660e-02       8.779616840840e+02 
       8.363090419699e-02       8.272240859456e+02 
       8.669585841686e-02       7.762706002674e+02 
       8.981231547961e-02       7.270602403021e+02 
       9.296205854134e-02       6.812643911821e+02 
       9.613282319663e-02       6.400959737911e+02 
       9.931666788762e-02       6.042454914721e+02 
       1.025085763069e-01       5.738981926154e+02 
       1.057054286762e-01       5.488015552823e+02 
       1.089053031686e-01       5.283571887431e+02 
       1.121070227475e-01       5.117202450387e+02 
       1.153098689939e-01       4.978982878709e+02 
       1.185134042504e-01       4.858474540946e+02 
       1.217173621404e-01       4.745651217539e+02 
       1.249215805628e-01       4.631759940750e+02 
       1.281259608255e-01       4.510046763556e+02 
       1.313304427728e-01       4.376255400811e+02 
       1.345349896652e-01       4.228819617676e+02 
       1.377395789946e-01       4.068718435530e+02 
       1.409441969067e-01       3.899030294754e+02 
       1.441488348142e-01       3.724279034246e+02 
       1.473534873404e-01       3.549692616963e+02 
       1.477104874446e-01       3.530485233827e+02 
       1.505581510697e-01       3.380491440520e+02 
       1.537628237887e-01       3.221293743827e+02 
       1.569675040243e-01       3.075688888941e+02 
       1.601721907628e-01       2.945992922684e+02 
       1.633768832778e-01       2.833174328455e+02 
       1.665815810260e-01       2.736920787466e+02 
       1.697862835824e-01       2.655811384186e+02 
       1.729909906008e-01       2.587558063693e+02 
       1.761957017889e-01       2.529286915144e+02 
       1.794004168930e-01       2.477834510398e+02 
       1.826051356878e-01       2.430147270450e+02 
       1.858098579703e-01       2.383789997910e+02 
       1.890145835551e-01       2.335748863026e+02 
       1.922193122720e-01       2.284206766709e+02 
       1.954240439631e-01       2.228151311535e+02 
       1.986287784820e-01       2.167427716282e+02 
       2.018335156920e-01       2.102673495461e+02 
       2.050382554654e-01       2.035139471731e+02 
       2.082429976827e-01       1.966437859598e+02 
       2.114477422317e-01       1.898278449597e+02 
       2.146524890071e-01       1.832249367737e+02 
       2.178572379098e-01       1.769672847488e+02 
       2.210619888466e-01       1.711535287688e+02 
       2.242667417297e-01       1.658468919498e+02 
       2.274714964762e-01       1.610757628664e+02 
       2.306762530079e-01       1.568349831298e+02 
       2.338810112509e-01       1.530877158799e+02 
       2.370857711353e-01       1.497689114107e+02 
       2.402905325951e-01       1.467914916451e+02 
       2.434952955676e-01       1.440554937129e+02 
       2.467000599935e-01       1.414591039739e+02 
       2.499048258166e-01       1.389095295982e+02 
       2.531095929833e-01       1.363315437550e+02 
       2.563143614431e-01       1.336723664171e+02 
       2.595191311476e-01       1.309028186317e+02 
       2.627239020512e-01       1.280157897889e+02 
       2.659286741101e-01       1.250233712591e+02 
       2.691334472828e-01       1.219535948882e+02 
       2.723382215299e-01       1.188469092481e+02 
       2.755429968136e-01       1.157520025235e+02 
       2.787477730979e-01       1.127206184896e+02 
       2.819525503486e-01       1.098016012794e+02 
       2.851573285328e-01       1.070351024476e+02 
       2.883621076193e-01       1.044481955422e+02 
       2.915668875781e-01       1.020528891735e+02 
       2.947716683807e-01       9.984677697281e+01 
       2.979764499997e-01       9.781572770996e+01 
       3.011812324088e-01       9.593750817112e+01 
       3.043860155831e-01       9.418522000517e+01 
       3.075907994984e-01       9.252992754245e+01 
       3.107955841317e-01       9.094248134481e+01 
       3.140003694609e-01       8.939499391173e+01 
       3.172051554649e-01       8.786246750748e+01 
       3.204099421232e-01       8.632471791618e+01 
       3.236147294163e-01       8.476826221115e+01 
       3.268195173256e-01       8.318753546282e+01 
       3.300243058328e-01       8.158488278601e+01 
       3.332290949208e-01       7.996919954533e+01 
       3.364338845727e-01       7.835361566820e+01 
       3.396386747727e-01       7.675295626092e+01 
       3.428434655052e-01       7.518167099365e+01 
       3.460482567554e-01       7.365257932031e+01 
       3.492530485089e-01       7.217633587530e+01 
       3.524578407520e-01       7.076121685253e+01 
       3.556626334714e-01       6.941284111086e+01 
       3.588674266543e-01       6.813368826230e+01 
       3.620722202882e-01       6.692259563626e+01 
       3.652770143613e-01       6.577460767558e+01 
       3.684818088621e-01       6.468148054571e+01 
       3.716866037795e-01       6.363287252753e+01 
       3.748913991027e-01       6.261793244527e+01 
       3.780961948213e-01       6.162680462930e+01 
       3.813009909254e-01       6.065162437827e+01 
       3.845057874053e-01       5.968682770403e+01 
       3.877105842515e-01       5.872891414533e+01 
       3.909153814552e-01       5.777600021993e+01 
       3.941201790075e-01       5.682749147454e+01 
       3.973249768999e-01       5.588401105051e+01 
       4.005297751243e-01       5.494747918498e+01 
       4.037345736726e-01       5.402109869428e+01 
       4.069393725373e-01       5.310903154416e+01 
       4.101441717109e-01       5.221574343957e+01 
       4.133489711862e-01       5.134519584296e+01 
       4.165537709561e-01       5.050018145053e+01 
       4.197585710140e-01       4.968204184556e+01 
       4.229633713532e-01       4.889082092765e+01 
       4.261681719673e-01       4.812570123205e+01 
       4.293729728502e-01       4.738545868282e+01 
       4.325777739960e-01       4.666871039571e+01 
       4.357825753987e-01       4.597388875145e+01 
       4.389873770527e-01       4.529905684009e+01 
       4.421921789526e-01       4.464177537135e+01 
       4.453969810929e-01       4.399919497581e+01 
       4.486017834686e-01       4.336840604253e+01 
       4.518065860747e-01       4.274691484313e+01 
       4.550113889061e-01       4.213303767157e+01 
       4.582161919583e-01       4.152603360705e+01 
       4.614209952265e-01       4.092595383303e+01 
       4.646257987063e-01       4.033330118295e+01 
       4.678306023933e-01       3.974870289585e+01 
       4.710354062833e-01       3.917274608136e+01 
       4.742402103722e-01       3.860601296881e+01 
       4.774450146558e-01       3.804922313457e+01 
       4.806498191304e-01       3.750332765321e+01 
       4.838546237921e-01       3.696943620358e+01 
       4.870594286372e-01       3.644856944499e+01 
       4.902642336622e-01       3.594134530081e+01 
       4.934690388634e-01       3.544775007196e+01 
       4.966738442374e-01       3.496712074390e+01 
       4.998786497810e-01       3.449834086891e+01 
       5.030834554909e-01       3.404015319847e+01 
       5.062882613639e-01       3.359143733494e+01 
       5.094930673969e-01       3.315133619592e+01 
       5.126978735869e-01       3.271920948057e+01 
       5.159026799309e-01       3.229449085050e+01 
       5.191074864262e-01       3.187657254219e+01 
       5.223122930700e-01       3.146480691784e+01 
       5.255170998594e-01       3.105863371989e+01 
       5.287219067918e-01       3.065775347649e+01 
       5.319267138647e-01       3.026223697381e+01 
       5.351315210756e-01       2.987249048409e+01 
       5.383363284218e-01       2.948908182289e+01 
       5.415411359011e-01       2.911251018402e+01 
       5.447459435111e-01       2.874303262628e+01 
       5.479507512495e-01       2.838062606276e+01 
       5.511555591140e-01       2.802508622105e+01 
       5.543603671024e-01       2.767619048014e+01 
       5.575651752126e-01       2.733382286121e+01 
       5.607699834426e-01       2.699799015482e+01 
       5.639747917902e-01       2.666872826652e+01 
       5.671796002534e-01       2.634596416713e+01 
       5.703844088304e-01       2.602942346902e+01 
       5.735892175191e-01       2.571864459864e+01 
       5.767940263178e-01       2.541309442212e+01 
       5.799988352245e-01       2.511232260403e+01 
       5.832036442376e-01       2.481606906502e+01 
       5.864084533552e-01       2.452426980802e+01 
       5.896132625757e-01       2.423696557382e+01 
       5.928180718973e-01       2.395417357871e+01 
       5.960228813185e-01       2.367580029270e+01 
       5.992276908376e-01       2.340164401585e+01 
       6.024325004531e-01       2.313148156008e+01 
       6.056373101635e-01       2.286518116380e+01 
       6.088421199671e-01       2.260277099766e+01 
       6.120469298627e-01       2.234441940994e+01 
       6.152517398487e-01       2.209033623447e+01 
       6.184565499237e-01       2.184065042356e+01 
       6.216613600863e-01       2.159533121266e+01 
       6.248661703352e-01       2.135419500661e+01 
       6.280709806691e-01       2.111698817893e+01 
       6.312757910866e-01       2.088349492678e+01 
       6.344806015866e-01       2.065360749795e+01 
       6.376854121676e-01       2.042732163896e+01 
       6.408902228286e-01       2.020466610134e+01 
       6.440950335684e-01       1.998561288990e+01 
       6.472998443857e-01       1.977002504684e+01 
       6.505046552794e-01       1.955767400461e+01 
       6.537094662484e-01       1.934831624669e+01 
       6.569142772916e-01       1.914178344196e+01 
       6.601190884079e-01       1.893803307112e+01 
       6.633238995962e-01       1.873713182439e+01 
       6.665287108555e-01       1.853918232250e+01 
       6.697335221847e-01       1.834423640280e+01 
       6.729383335830e-01       1.815224563812e+01 
       6.761431450492e-01       1.796307489410e+01 
       6.793479565825e-01       1.777656729775e+01 
       6.825527681818e-01       1.759261997694e+01 
       6.857575798462e-01       1.741122505695e+01 
       6.889623915750e-01       1.723245188942e+01 
       6.921672033670e-01       1.705638235096e+01 
       6.953720152215e-01       1.688303872079e+01 
       6.985768271376e-01       1.671234600032e+01 
       7.017816391145e-01       1.654414985711e+01 
       7.049864511513e-01       1.637827859684e+01 
       7.081912632472e-01       1.621461188401e+01 
       7.113960754014e-01       1.605311632108e+01 
       7.146008876131e-01       1.589382953350e+01 
       7.178056998816e-01       1.573680394231e+01 
       7.210105122061e-01       1.558204540312e+01 
       7.242153245858e-01       1.542948359354e+01 
       7.274201370201e-01       1.527899007962e+01 
       7.306249495081e-01       1.513043276212e+01 
       7.338297620493e-01       1.498373321640e+01 
       7.370345746428e-01       1.483889235740e+01 
       7.402393872880e-01       1.469597083071e+01 
       7.434441999843e-01       1.455503584024e+01 
       7.466490127310e-01       1.441610578548e+01 
       7.498538255274e-01       1.427912581631e+01 
       7.530586383729e-01       1.414398630396e+01 
       7.562634512669e-01       1.401057219168e+01 
       7.594682642088e-01       1.387881410472e+01 
       7.626730771979e-01       1.374870989492e+01 
       7.658778902336e-01       1.362030606616e+01 
       7.690827033155e-01       1.349365141257e+01 
       7.722875164428e-01       1.336874971566e+01 
       7.754923296151e-01       1.324554138444e+01 
       8.545701318024e-01       1.064507403903e+01 
       9.733240960820e-01       7.914848674340e+00 
       1.165653052320e+00       5.217382189096e+00 
       1.477104874446e+00       2.988605861168e+00 
