# Matter power spectrum P(k) at redshift z=3
# for k=1.0421e-05 to 1.4771 h/Mpc,
# number of wavenumbers equal to 614
#    1:k (h/Mpc)              2:P (Mpc/h)^3        
       1.042102152150e-05       5.034327851535e+00 
       2.326555763243e-05       1.094801014997e+01 
       3.615501122171e-05       1.676962115756e+01 
       4.912386620918e-05       2.255718506750e+01 
       6.220717370241e-05       2.834440601659e+01 
       7.544086277972e-05       3.415695808702e+01 
       8.886206115716e-05       4.001706630744e+01 
       1.025094299823e-04       4.594539245950e+01 
       1.164235170299e-04       5.196200916639e+01 
       1.306471326088e-04       5.808699625694e+01 
       1.452257524954e-04       6.434086055234e+01 
       1.602079521527e-04       7.074486742025e+01 
       1.756458763257e-04       7.732132750556e+01 
       1.915957477441e-04       8.409386182192e+01 
       2.081184180315e-04       9.108765826739e+01 
       2.252799628821e-04       9.832972696293e+01 
       2.431523219552e-04       1.058491581608e+02 
       2.618139815540e-04       1.136773836549e+02 
       2.813506947223e-04       1.218484400045e+02 
       3.018562286028e-04       1.303992290546e+02 
       3.234331223764e-04       1.393697679127e+02 
       3.461934304598e-04       1.488034164971e+02 
       3.702594145012e-04       1.587470658426e+02 
       3.957641338254e-04       1.692512644578e+02 
       4.228518673465e-04       1.803702532431e+02 
       4.516782810659e-04       1.921618721024e+02 
       4.824102353688e-04       2.046872940840e+02 
       5.152251078363e-04       2.180105368380e+02 
       5.503094940853e-04       2.321976981694e+02 
       5.878571468512e-04       2.473158649750e+02 
       6.280660292452e-04       2.634316558512e+02 
       6.711343996017e-04       2.806093801799e+02 
       7.172559190570e-04       2.989088326813e+02 
       7.666138811576e-04       3.183827921960e+02 
       8.193747996696e-04       3.390743529732e+02 
       8.756817396081e-04       3.610142773111e+02 
       9.356479091041e-04       3.842186066756e+02 
       9.993511104816e-04       4.086867888181e+02 
       1.066829644293e-03       4.344005577169e+02 
       1.138080151350e-03       4.613237362886e+02 
       1.213057671939e-03       4.894030261129e+02 
       1.291677934086e-03       5.185697238447e+02 
       1.373821609718e-03       5.487421879550e+02 
       1.459340057464e-03       5.798287978568e+02 
       1.477104874446e-03       5.862449780501e+02 
       1.548061945675e-03       6.117311159771e+02 
       1.639800132871e-03       6.443469827625e+02 
       1.734358260354e-03       6.775733323927e+02 
       1.831536649519e-03       7.113085933141e+02 
       1.931137255592e-03       7.454546129330e+02 
       2.032967577964e-03       7.799170049484e+02 
       2.136843544782e-03       8.146084918076e+02 
       2.242591468925e-03       8.494490456927e+02 
       2.350049215819e-03       8.843645843296e+02 
       2.459066738250e-03       9.192879136666e+02 
       2.569506128263e-03       9.541585866689e+02 
       2.681241319609e-03       9.889226092100e+02 
       2.794157552347e-03       1.023532037660e+03 
       2.908150688546e-03       1.057944509266e+03 
       3.023126446953e-03       1.092122742272e+03 
       3.138999606478e-03       1.126034036928e+03 
       3.255693213559e-03       1.159649800953e+03 
       3.373137816917e-03       1.192945114236e+03 
       3.491270744476e-03       1.225898338973e+03 
       3.610035430799e-03       1.258490774282e+03 
       3.729380798792e-03       1.290706349722e+03 
       3.849260696346e-03       1.322531350337e+03 
       3.969633386433e-03       1.353954166482e+03 
       4.090461087955e-03       1.384965063852e+03 
       4.211709563843e-03       1.415555971719e+03 
       4.333347752587e-03       1.445720289395e+03 
       4.455347439282e-03       1.475452711795e+03 
       4.577682962354e-03       1.504749074791e+03 
       4.700330952322e-03       1.533606219877e+03 
       4.823270099198e-03       1.562021876459e+03 
       4.946480945409e-03       1.589994559105e+03 
       5.069945701410e-03       1.617523476811e+03 
       5.193648081432e-03       1.644608451792e+03 
       5.317573157093e-03       1.671249687675e+03 
       5.441707226813e-03       1.697448087021e+03 
       5.566037699252e-03       1.723204994301e+03 
       5.690552989151e-03       1.748522024875e+03 
       5.815242424168e-03       1.773401115672e+03 
       5.940096161447e-03       1.797844488276e+03 
       6.065105112841e-03       1.821854617972e+03 
       6.190260877787e-03       1.845434206610e+03 
       6.315555682994e-03       1.868586157605e+03 
       6.440982328187e-03       1.891313556022e+03 
       6.566534137227e-03       1.913619634974e+03 
       6.692204914037e-03       1.935507758497e+03 
       6.817988902798e-03       1.956981398935e+03 
       6.943880751968e-03       1.978044115786e+03 
       7.069875481708e-03       1.998699539116e+03 
       7.195968454367e-03       2.018951355591e+03 
       7.322155347697e-03       2.038803297635e+03 
       7.448432130524e-03       2.058259136007e+03 
       7.574795040622e-03       2.077322672728e+03 
       7.701240564565e-03       2.095997736334e+03 
       7.827765419362e-03       2.114288176572e+03 
       7.954366535701e-03       2.132197859154e+03 
       8.081041042642e-03       2.149730661201e+03 
       8.207786253614e-03       2.166890465527e+03 
       8.334599653602e-03       2.183681156376e+03 
       8.461478887407e-03       2.200106612399e+03 
       8.588421748870e-03       2.216170707267e+03 
       8.715426170987e-03       2.231877577370e+03 
       8.842490216820e-03       2.247231262895e+03 
       8.969612071137e-03       2.262235057743e+03 
       9.096790032720e-03       2.276892785726e+03 
       9.224022507271e-03       2.291208227790e+03 
       9.351308000877e-03       2.305185138343e+03 
       9.478645113973e-03       2.318827244384e+03 
       9.606032535774e-03       2.332138243915e+03 
       9.733469039116e-03       2.345121806197e+03 
       9.860953475702e-03       2.357781572574e+03 
       9.988484771685e-03       2.370121156552e+03 
       1.011606192359e-02       2.382144145309e+03 
       1.024368399452e-02       2.393854099634e+03 
       1.037135011067e-02       2.405254554814e+03 
       1.049905945805e-02       2.416349020044e+03 
       1.062681127947e-02       2.427140978386e+03 
       1.075460487174e-02       2.437633885101e+03 
       1.088243958305e-02       2.447831166295e+03 
       1.101031481059e-02       2.457736217182e+03 
       1.113822999823e-02       2.467352399974e+03 
       1.126618463451e-02       2.476683042578e+03 
       1.139417825061e-02       2.485731437377e+03 
       1.152221041861e-02       2.494500841157e+03 
       1.165028074976e-02       2.502994475664e+03 
       1.177838889293e-02       2.511215529468e+03 
       1.190653453317e-02       2.519167160233e+03 
       1.203471739032e-02       2.526852498553e+03 
       1.216293721777e-02       2.534274650463e+03 
       1.229119380129e-02       2.541436701183e+03 
       1.241948695792e-02       2.548341717959e+03 
       1.254781653500e-02       2.554992752150e+03 
       1.267618240919e-02       2.561392841277e+03 
       1.280458448561e-02       2.567545009753e+03 
       1.293302269704e-02       2.573452269007e+03 
       1.306149700318e-02       2.579117615938e+03 
       1.319000738994e-02       2.584544019914e+03 
       1.331855386880e-02       2.589734389058e+03 
       1.344713647627e-02       2.594691530644e+03 
       1.357575527327e-02       2.599418165204e+03 
       1.370441034470e-02       2.603917013803e+03 
       1.383310179896e-02       2.608190777038e+03 
       1.396182976753e-02       2.612242319277e+03 
       1.409059440462e-02       2.616074362830e+03 
       1.421939588679e-02       2.619689653340e+03 
       1.434823441270e-02       2.623090902750e+03 
       1.447711020276e-02       2.626280793688e+03 
       1.460602349898e-02       2.629261982800e+03 
       1.473497456466e-02       2.632037102966e+03 
       1.477104874446e-02       2.632776775600e+03 
       1.486396368430e-02       2.634608764719e+03 
       1.499299116337e-02       2.636979557132e+03 
       1.512205732822e-02       2.639152048388e+03 
       1.525116252595e-02       2.641128786264e+03 
       1.538030712436e-02       2.642912298470e+03 
       1.550949151185e-02       2.644505092841e+03 
       1.563871609742e-02       2.645909657758e+03 
       1.576798131065e-02       2.647128462291e+03 
       1.589728760168e-02       2.648163956490e+03 
       1.602663544128e-02       2.649018571566e+03 
       1.615602532086e-02       2.649694720106e+03 
       1.628545775254e-02       2.650194796279e+03 
       1.641493326929e-02       2.650521176039e+03 
       1.654445242496e-02       2.650676217295e+03 
       1.667401579445e-02       2.650662260114e+03 
       1.680362397384e-02       2.650481626869e+03 
       1.693327758053e-02       2.650136622429e+03 
       1.706297725346e-02       2.649629534334e+03 
       1.719272365325e-02       2.648962632941e+03 
       1.732251746246e-02       2.648138171564e+03 
       1.745235938578e-02       2.647158386653e+03 
       1.758225015029e-02       2.646025497944e+03 
       1.771219050572e-02       2.644741708441e+03 
       1.784218122473e-02       2.643309204760e+03 
       1.797222310320e-02       2.641730157089e+03 
       1.810231696053e-02       2.640006719364e+03 
       1.823246363999e-02       2.638141029327e+03 
       1.836266400903e-02       2.636135208649e+03 
       1.849291895970e-02       2.633991363026e+03 
       1.862322940896e-02       2.631711582249e+03 
       1.875359629910e-02       2.629297940260e+03 
       1.888402059817e-02       2.626752495350e+03 
       1.901450330040e-02       2.624077290021e+03 
       1.914504542661e-02       2.621274351243e+03 
       1.927564802473e-02       2.618345690411e+03 
       1.940631217024e-02       2.615293303411e+03 
       1.953703896671e-02       2.612119170812e+03 
       1.966782954627e-02       2.608825257604e+03 
       1.979868507018e-02       2.605413513546e+03 
       1.992960672938e-02       2.601885873114e+03 
       2.006059574507e-02       2.598244255441e+03 
       2.019165336930e-02       2.594490564486e+03 
       2.032278088557e-02       2.590626689042e+03 
       2.045397960952e-02       2.586654502627e+03 
       2.058525088953e-02       2.582575863673e+03 
       2.071659610742e-02       2.578392615477e+03 
       2.084801667919e-02       2.574106586210e+03 
       2.097951405567e-02       2.569719588973e+03 
       2.111108972336e-02       2.565233421787e+03 
       2.124274520511e-02       2.560649867609e+03 
       2.137448206099e-02       2.555970694243e+03 
       2.150630188909e-02       2.551197654560e+03 
       2.163820632635e-02       2.546332486360e+03 
       2.177019704946e-02       2.541376912355e+03 
       2.190227577574e-02       2.536332640196e+03 
       2.203444426412e-02       2.531201362541e+03 
       2.216670431603e-02       2.525984756954e+03 
       2.229905777645e-02       2.520684485998e+03 
       2.243150653491e-02       2.515302197104e+03 
       2.256405252654e-02       2.509839522641e+03 
       2.269669773315e-02       2.504298080022e+03 
       2.282944418440e-02       2.498679471441e+03 
       2.296229395887e-02       2.492985284004e+03 
       2.309524918533e-02       2.487217089793e+03 
       2.322831204394e-02       2.481376445738e+03 
       2.336148476752e-02       2.475464893630e+03 
       2.349476964284e-02       2.469483960079e+03 
       2.362816901202e-02       2.463435156598e+03 
       2.376168527385e-02       2.457319979518e+03 
       2.389532088532e-02       2.451139910009e+03 
       2.402907836300e-02       2.444896413924e+03 
       2.416296028467e-02       2.438590942001e+03 
       2.429696929081e-02       2.432224929786e+03 
       2.443110808631e-02       2.425799797465e+03 
       2.456537944209e-02       2.419316949947e+03 
       2.469978619690e-02       2.412777776985e+03 
       2.483433125905e-02       2.406183652975e+03 
       2.496901760832e-02       2.399535936975e+03 
       2.510384829784e-02       2.392835972745e+03 
       2.523882645611e-02       2.386085088568e+03 
       2.537395528899e-02       2.379284597609e+03 
       2.550923808187e-02       2.372435797466e+03 
       2.564467820182e-02       2.365539970387e+03 
       2.578027909988e-02       2.358598383168e+03 
       2.591604431336e-02       2.351612287295e+03 
       2.605197746829e-02       2.344582918671e+03 
       2.618808228193e-02       2.337511497913e+03 
       2.632436256530e-02       2.330399229893e+03 
       2.646082222595e-02       2.323247304182e+03 
       2.659746527064e-02       2.316056894876e+03 
       2.673429580828e-02       2.308829160453e+03 
       2.687131805287e-02       2.301565243911e+03 
       2.700853632660e-02       2.294266272672e+03 
       2.714595506304e-02       2.286933358591e+03 
       2.728357881043e-02       2.279567597993e+03 
       2.742141223512e-02       2.272170071572e+03 
       2.755946012514e-02       2.264741844388e+03 
       2.769772739390e-02       2.257283965995e+03 
       2.783621908395e-02       2.249797470202e+03 
       2.797494037103e-02       2.242283375224e+03 
       2.811389656815e-02       2.234742683641e+03 
       2.825309312989e-02       2.227176382325e+03 
       2.839253565683e-02       2.219585442436e+03 
       2.853222990016e-02       2.211970819558e+03 
       2.867218176650e-02       2.204333453405e+03 
       2.881239732287e-02       2.196674268047e+03 
       2.895288280191e-02       2.188994171869e+03 
       2.909364460721e-02       2.181294057351e+03 
       2.923468931899e-02       2.173574801360e+03 
       2.937602369988e-02       2.165837264905e+03 
       2.951765470106e-02       2.158082293122e+03 
       2.965958946853e-02       2.150310715462e+03 
       2.980183534976e-02       2.142523345459e+03 
       2.994439990052e-02       2.134720980777e+03 
       3.008729089207e-02       2.126904403200e+03 
       3.023051631862e-02       2.119074378660e+03 
       3.037408440514e-02       2.111231657128e+03 
       3.051800361546e-02       2.103376972561e+03 
       3.066228266080e-02       2.095511043050e+03 
       3.080693050862e-02       2.087634570671e+03 
       3.095195639186e-02       2.079748241302e+03 
       3.109736981867e-02       2.071852724948e+03 
       3.124318058247e-02       2.063948675375e+03 
       3.138939877261e-02       2.056036730326e+03 
       3.153603478538e-02       2.048117511226e+03 
       3.168309933564e-02       2.040191623295e+03 
       3.183060346897e-02       2.032259655635e+03 
       3.197855857436e-02       2.024322180775e+03 
       3.212697639759e-02       2.016379755026e+03 
       3.227586905516e-02       2.008432918203e+03 
       3.242524904902e-02       2.000482193677e+03 
       3.257512928192e-02       1.992528088140e+03 
       3.272552307358e-02       1.984571091655e+03 
       3.287644417773e-02       1.976611677701e+03 
       3.302790679988e-02       1.968650302764e+03 
       3.317992561616e-02       1.960687406565e+03 
       3.333251579305e-02       1.952723411693e+03 
       3.348569300816e-02       1.944758723704e+03 
       3.363947347215e-02       1.936793731030e+03 
       3.379387395179e-02       1.928828804587e+03 
       3.394891179434e-02       1.920864297900e+03 
       3.410460495313e-02       1.912900546904e+03 
       3.426097201475e-02       1.904937869781e+03 
       3.441803222761e-02       1.896976566686e+03 
       3.457580553220e-02       1.889016919847e+03 
       3.473431259309e-02       1.881059193059e+03 
       3.489357483273e-02       1.873103631682e+03 
       3.505361446731e-02       1.865150462481e+03 
       3.521445454470e-02       1.857199893110e+03 
       3.537611898470e-02       1.849252112280e+03 
       3.553863262172e-02       1.841307289004e+03 
       3.570202125009e-02       1.833365572894e+03 
       3.586631167224e-02       1.825427093308e+03 
       3.603153174982e-02       1.817491959428e+03 
       3.619771045819e-02       1.809560259580e+03 
       3.636487794441e-02       1.801632061124e+03 
       3.653306558894e-02       1.793707410052e+03 
       3.670230607157e-02       1.785786330383e+03 
       3.687263344169e-02       1.777868823670e+03 
       3.704408319338e-02       1.769954868911e+03 
       3.721669234562e-02       1.762044421616e+03 
       3.739049952826e-02       1.754137413167e+03 
       3.756554507388e-02       1.746233750661e+03 
       3.774187111642e-02       1.738333315946e+03 
       3.791952169689e-02       1.730435964867e+03 
       3.809854287698e-02       1.722541526656e+03 
       3.827898286109e-02       1.714649803020e+03 
       3.846089212772e-02       1.706760567370e+03 
       3.864432357096e-02       1.698873563765e+03 
       3.882933265307e-02       1.690988505889e+03 
       3.901597756918e-02       1.683105076037e+03 
       3.920431942534e-02       1.675222923986e+03 
       3.939442243107e-02       1.667341665069e+03 
       3.958635410806e-02       1.659460879857e+03 
       3.978018551644e-02       1.651580111824e+03 
       3.997599150056e-02       1.643698865968e+03 
       4.017385095621e-02       1.635816607081e+03 
       4.037384712167e-02       1.627932757660e+03 
       4.057606789498e-02       1.620046695945e+03 
       4.078060618044e-02       1.612157753456e+03 
       4.098756026752e-02       1.604265212779e+03 
       4.119703424585e-02       1.596368304457e+03 
       4.140913846047e-02       1.588466204219e+03 
       4.162399001201e-02       1.580558029666e+03 
       4.184171330721e-02       1.572642836686e+03 
       4.206244066590e-02       1.564719615394e+03 
       4.228631299134e-02       1.556787285737e+03 
       4.251348051207e-02       1.548844692877e+03 
       4.274410360437e-02       1.540890601646e+03 
       4.297835370594e-02       1.532923690651e+03 
       4.321641433302e-02       1.524942545823e+03 
       4.345848221510e-02       1.516945652757e+03 
       4.370476856367e-02       1.508931388883e+03 
       4.395550049403e-02       1.500898014122e+03 
       4.421092262257e-02       1.492843660464e+03 
       4.447129886558e-02       1.484766320354e+03 
       4.473691447027e-02       1.476663833673e+03 
       4.500807831421e-02       1.468533872509e+03 
       4.528512551593e-02       1.460373924368e+03 
       4.556842040748e-02       1.452181272610e+03 
       4.585835992923e-02       1.443952973858e+03 
       4.615537751951e-02       1.435685832542e+03 
       4.645994758546e-02       1.427376370739e+03 
       4.677259065979e-02       1.419020793172e+03 
       4.709387936984e-02       1.410614946814e+03 
       4.742444537244e-02       1.402154272416e+03 
       4.776498744185e-02       1.393633747679e+03 
       4.811628094042e-02       1.385047819598e+03 
       4.847918895420e-02       1.376390322823e+03 
       4.885467544266e-02       1.367654381318e+03 
       4.924382083556e-02       1.358832288777e+03 
       4.964784061703e-02       1.349915361480e+03 
       5.006810757249e-02       1.340893756829e+03 
       5.050617854690e-02       1.331756246124e+03 
       5.096382678359e-02       1.322489929142e+03 
       5.144308119321e-02       1.313079870488e+03 
       5.194627425881e-02       1.303508633057e+03 
       5.247610073105e-02       1.293755671492e+03 
       5.303568982294e-02       1.283796536721e+03 
       5.362869428455e-02       1.273601821067e+03 
       5.425940050996e-02       1.263135741545e+03 
       5.493286463602e-02       1.252354219595e+03 
       5.565508025819e-02       1.241202251137e+03 
       5.643318350645e-02       1.229610269917e+03 
       5.727569993936e-02       1.217489088484e+03 
       5.819283332410e-02       1.204722840781e+03 
       5.919678565692e-02       1.191159169476e+03 
       6.030207505689e-02       1.176595778019e+03 
       6.152577441118e-02       1.160762602865e+03 
       6.288751741939e-02       1.143299760071e+03 
       6.440900385847e-02       1.123734108928e+03 
       6.611260679849e-02       1.101463351763e+03 
       6.801864854801e-02       1.075767235059e+03 
       7.014121050183e-02       1.045877541241e+03 
       7.248324370282e-02       1.011138119926e+03 
       7.503305012859e-02       9.712494120319e+02 
       7.776467170701e-02       9.265160348634e+02 
       8.064294794392e-02       8.779616741586e+02 
       8.363090401861e-02       8.272240751070e+02 
       8.669585823397e-02       7.762705904842e+02 
       8.981231529311e-02       7.270602308247e+02 
       9.296205835183e-02       6.812643821267e+02 
       9.613282300451e-02       6.400959643892e+02 
       9.931666769316e-02       6.042454810974e+02 
       1.025085761102e-01       5.738981830365e+02 
       1.057054284775e-01       5.488015455401e+02 
       1.089053029678e-01       5.283571787319e+02 
       1.121070225447e-01       5.117202332048e+02 
       1.153098687891e-01       4.978982763765e+02 
       1.185134040437e-01       4.858474427982e+02 
       1.217173619317e-01       4.745651106409e+02 
       1.249215803522e-01       4.631759827075e+02 
       1.281259606130e-01       4.510046640935e+02 
       1.313304425584e-01       4.376255287107e+02 
       1.345349894489e-01       4.228819522519e+02 
       1.377395787763e-01       4.068718339804e+02 
       1.409441966865e-01       3.899030201170e+02 
       1.441488345921e-01       3.724278923361e+02 
       1.473534871163e-01       3.549692525591e+02 
       1.477104874446e-01       3.530485126442e+02 
       1.505581508436e-01       3.380491349337e+02 
       1.537628235607e-01       3.221293666383e+02 
       1.569675037944e-01       3.075688816172e+02 
       1.601721905309e-01       2.945992850831e+02 
       1.633768830440e-01       2.833174240610e+02 
       1.665815807903e-01       2.736920721779e+02 
       1.697862833448e-01       2.655811312700e+02 
       1.729909903613e-01       2.587557989863e+02 
       1.761957015475e-01       2.529286851221e+02 
       1.794004166496e-01       2.477834437248e+02 
       1.826051354425e-01       2.430147175674e+02 
       1.858098577230e-01       2.383789893898e+02 
       1.890145833059e-01       2.335748763555e+02 
       1.922193120208e-01       2.284206681064e+02 
       1.954240437100e-01       2.228151231452e+02 
       1.986287782270e-01       2.167427622963e+02 
       2.018335154351e-01       2.102673404333e+02 
       2.050382552066e-01       2.035139405493e+02 
       2.082429974219e-01       1.966437802314e+02 
       2.114477419690e-01       1.898278382726e+02 
       2.146524887424e-01       1.832249307092e+02 
       2.178572376432e-01       1.769672791434e+02 
       2.210619885781e-01       1.711535247111e+02 
       2.242667414592e-01       1.658468880439e+02 
       2.274714962038e-01       1.610757590508e+02 
       2.306762527335e-01       1.568349793152e+02 
       2.338810109746e-01       1.530877128631e+02 
       2.370857708571e-01       1.497689098714e+02 
       2.402905323150e-01       1.467914897255e+02 
       2.434952952856e-01       1.440554915821e+02 
       2.467000597096e-01       1.414591017789e+02 
       2.499048255307e-01       1.389095272009e+02 
       2.531095926955e-01       1.363315413945e+02 
       2.563143611533e-01       1.336723640110e+02 
       2.595191308559e-01       1.309028163496e+02 
       2.627239017575e-01       1.280157870510e+02 
       2.659286738145e-01       1.250233689456e+02 
       2.691334469854e-01       1.219535927186e+02 
       2.723382212305e-01       1.188469073387e+02 
       2.755429965122e-01       1.157520006882e+02 
       2.787477727946e-01       1.127206167772e+02 
       2.819525500434e-01       1.098015995178e+02 
       2.851573282256e-01       1.070351008195e+02 
       2.883621073102e-01       1.044481940207e+02 
       2.915668872671e-01       1.020528878763e+02 
       2.947716680678e-01       9.984677531642e+01 
       2.979764496848e-01       9.781572627045e+01 
       3.011812320920e-01       9.593750670607e+01 
       3.043860152644e-01       9.418521866893e+01 
       3.075907991777e-01       9.252992634478e+01 
       3.107955838091e-01       9.094247998971e+01 
       3.140003691364e-01       8.939499273042e+01 
       3.172051551384e-01       8.786246614099e+01 
       3.204099417948e-01       8.632471674860e+01 
       3.236147290860e-01       8.476826095310e+01 
       3.268195169933e-01       8.318753445614e+01 
       3.300243054986e-01       8.158488154000e+01 
       3.332290945846e-01       7.996919840063e+01 
       3.364338842347e-01       7.835361441930e+01 
       3.396386744327e-01       7.675295518982e+01 
       3.428434651633e-01       7.518166985368e+01 
       3.460482564115e-01       7.365257814646e+01 
       3.492530481631e-01       7.217633478533e+01 
       3.524578404043e-01       7.076121568587e+01 
       3.556626331218e-01       6.941284005817e+01 
       3.588674263027e-01       6.813368725666e+01 
       3.620722199347e-01       6.692259454392e+01 
       3.652770140059e-01       6.577460665557e+01 
       3.684818085048e-01       6.468147957084e+01 
       3.716866034202e-01       6.363287160438e+01 
       3.748913987414e-01       6.261793150904e+01 
       3.780961944581e-01       6.162680375062e+01 
       3.813009905603e-01       6.065162351980e+01 
       3.845057870382e-01       5.968682685142e+01 
       3.877105838826e-01       5.872891331881e+01 
       3.909153810843e-01       5.777599939860e+01 
       3.941201786347e-01       5.682749070450e+01 
       3.973249765252e-01       5.588401026336e+01 
       4.005297747476e-01       5.494747846044e+01 
       4.037345732940e-01       5.402109796041e+01 
       4.069393721568e-01       5.310903075662e+01 
       4.101441713285e-01       5.221574265498e+01 
       4.133489708018e-01       5.134519508225e+01 
       4.165537705698e-01       5.050018072854e+01 
       4.197585706257e-01       4.968204118109e+01 
       4.229633709630e-01       4.889082029779e+01 
       4.261681715752e-01       4.812570059960e+01 
       4.293729724562e-01       4.738545805972e+01 
       4.325777736000e-01       4.666870977223e+01 
       4.357825750008e-01       4.597388812153e+01 
       4.389873766528e-01       4.529905621161e+01 
       4.421921785508e-01       4.464177469979e+01 
       4.453969806892e-01       4.399919439870e+01 
       4.486017830630e-01       4.336840547920e+01 
       4.518065856671e-01       4.274691431466e+01 
       4.550113884966e-01       4.213303716631e+01 
       4.582161915468e-01       4.152603314340e+01 
       4.614209948131e-01       4.092595337914e+01 
       4.646257982910e-01       4.033330073547e+01 
       4.678306019761e-01       3.974870245627e+01 
       4.710354058641e-01       3.917274565627e+01 
       4.742402099511e-01       3.860601255204e+01 
       4.774450142328e-01       3.804922272916e+01 
       4.806498187055e-01       3.750332722815e+01 
       4.838546233652e-01       3.696943576141e+01 
       4.870594282084e-01       3.644856930973e+01 
       4.902642332314e-01       3.594134514494e+01 
       4.934690384307e-01       3.544774991249e+01 
       4.966738438028e-01       3.496712057029e+01 
       4.998786493445e-01       3.449834067568e+01 
       5.030834550524e-01       3.404015298141e+01 
       5.062882609235e-01       3.359143712071e+01 
       5.094930669545e-01       3.315133598449e+01 
       5.126978731426e-01       3.271920927373e+01 
       5.159026794847e-01       3.229449065870e+01 
       5.191074859781e-01       3.187657234836e+01 
       5.223122926199e-01       3.146480675378e+01 
       5.255170994074e-01       3.105863354947e+01 
       5.287219063379e-01       3.065775330570e+01 
       5.319267134089e-01       3.026223682833e+01 
       5.351315206178e-01       2.987249030510e+01 
       5.383363279621e-01       2.948908163113e+01 
       5.415411354395e-01       2.911250999559e+01 
       5.447459430475e-01       2.874303243941e+01 
       5.479507507840e-01       2.838062588849e+01 
       5.511555586465e-01       2.802508605246e+01 
       5.543603666330e-01       2.767619031097e+01 
       5.575651747413e-01       2.733382267921e+01 
       5.607699829693e-01       2.699798996675e+01 
       5.639747913150e-01       2.666872809190e+01 
       5.671795997763e-01       2.634596398737e+01 
       5.703844083513e-01       2.602942332542e+01 
       5.735892170381e-01       2.571864443463e+01 
       5.767940258349e-01       2.541309424547e+01 
       5.799988347397e-01       2.511232241509e+01 
       5.832036437508e-01       2.481606891275e+01 
       5.864084528665e-01       2.452426967682e+01 
       5.896132620850e-01       2.423696542561e+01 
       5.928180714048e-01       2.395417341720e+01 
       5.960228808240e-01       2.367580012522e+01 
       5.992276903412e-01       2.340164386824e+01 
       6.024324999548e-01       2.313148141584e+01 
       6.056373096632e-01       2.286518101856e+01 
       6.088421194649e-01       2.260277084172e+01 
       6.120469293586e-01       2.234441926296e+01 
       6.152517393426e-01       2.209033612333e+01 
       6.184565494157e-01       2.184065026920e+01 
       6.216613595764e-01       2.159533104224e+01 
       6.248661698233e-01       2.135419486690e+01 
       6.280709801553e-01       2.111698804958e+01 
       6.312757905709e-01       2.088349477813e+01 
       6.344806010689e-01       2.065360733750e+01 
       6.376854116481e-01       2.042732151168e+01 
       6.408902223071e-01       2.020466598143e+01 
       6.440950330449e-01       1.998561274685e+01 
       6.472998438603e-01       1.977002489656e+01 
       6.505046547521e-01       1.955767387752e+01 
       6.537094657192e-01       1.934831613280e+01 
       6.569142767604e-01       1.914178328348e+01 
       6.601190878748e-01       1.893803295135e+01 
       6.633238990611e-01       1.873713171504e+01 
       6.665287103185e-01       1.853918218968e+01 
       6.697335216458e-01       1.834423626615e+01 
       6.729383330422e-01       1.815224553235e+01 
       6.761431445064e-01       1.796307478203e+01 
       6.793479560378e-01       1.777656717173e+01 
       6.825527676352e-01       1.759261988061e+01 
       6.857575792977e-01       1.741122496370e+01 
       6.889623910245e-01       1.723245176901e+01 
       6.921672028146e-01       1.705638223966e+01 
       6.953720146672e-01       1.688303861726e+01 
       6.985768265813e-01       1.671234588448e+01 
       7.017816385563e-01       1.654414974760e+01 
       7.049864505911e-01       1.637827849124e+01 
       7.081912626851e-01       1.621461176596e+01 
       7.113960748374e-01       1.605311622329e+01 
       7.146008870472e-01       1.589382942357e+01 
       7.178056993138e-01       1.573680382775e+01 
       7.210105116363e-01       1.558204531207e+01 
       7.242153240141e-01       1.542948347885e+01 
       7.274201364464e-01       1.527898997483e+01 
       7.306249489325e-01       1.513043268078e+01 
       7.338297614717e-01       1.498373309013e+01 
       7.370345740633e-01       1.483889225894e+01 
       7.402393867067e-01       1.469597073674e+01 
       7.434441994010e-01       1.455503571155e+01 
       7.466490121457e-01       1.441610570578e+01 
       7.498538249402e-01       1.427912571318e+01 
       7.530586377838e-01       1.414398617982e+01 
       7.562634506759e-01       1.401057211429e+01 
       7.594682636158e-01       1.387881398070e+01 
       7.626730766030e-01       1.374870979592e+01 
       7.658778896368e-01       1.362030599319e+01 
       7.690827027167e-01       1.349365128062e+01 
       7.722875158421e-01       1.336874963934e+01 
       7.754923290125e-01       1.324554128035e+01 
       8.545701310948e-01       1.064507392830e+01 
       9.733240951925e-01       7.914848602618e+00 
       1.165653051127e+00       5.217382134442e+00 
       1.477104874446e+00       2.988605825370e+00 
