# Matter power spectrum P(k) at redshift z=0
# for k=1.0421e-05 to 1.4771 h/Mpc,
# number of wavenumbers equal to 614
#    1:k (h/Mpc)              2:P (Mpc/h)^3        
       1.042102152150e-05       5.040987782061e+01 
       2.326555763243e-05       1.096246493998e+02 
       3.615501122171e-05       1.679168544707e+02 
       4.912386620918e-05       2.258671521865e+02 
       6.220717370241e-05       2.838126633045e+02 
       7.544086277972e-05       3.420100761565e+02 
       8.886206115716e-05       4.006815074704e+02 
       1.025094299823e-04       4.600333748320e+02 
       1.164235170299e-04       5.202661387472e+02 
       1.306471326088e-04       5.815802609269e+02 
       1.452257524954e-04       6.441803925350e+02 
       1.602079521527e-04       7.082786765924e+02 
       1.756458763257e-04       7.740975987446e+02 
       1.915957477441e-04       8.418726180449e+02 
       2.081184180315e-04       9.118547080406e+02 
       2.252799628821e-04       9.843128817236e+02 
       2.431523219552e-04       1.059536737386e+03 
       2.618139815540e-04       1.137839034350e+03 
       2.813506947223e-04       1.219558281517e+03 
       3.018562286028e-04       1.305061293780e+03 
       3.234331223764e-04       1.394745638685e+03 
       3.461934304598e-04       1.489041856232e+03 
       3.702594145012e-04       1.588415286771e+03 
       3.957641338254e-04       1.693367285013e+03 
       4.228518673465e-04       1.804435532841e+03 
       4.516782810659e-04       1.922193093151e+03 
       4.824102353688e-04       2.047245777633e+03 
       5.152251078363e-04       2.180227344603e+03 
       5.503094940853e-04       2.321792015532e+03 
       5.878571468512e-04       2.472603823845e+03 
       6.280660292452e-04       2.633322414306e+03 
       6.711343996017e-04       2.804585123337e+03 
       7.172559190570e-04       2.986985509269e+03 
       7.666138811576e-04       3.181048966056e+03 
       8.193747996696e-04       3.387206610910e+03 
       8.756817396081e-04       3.605769209768e+03 
       9.356479091041e-04       3.836903378431e+03 
       9.993511104816e-04       4.080612533249e+03 
       1.066829644293e-03       4.336724938970e+03 
       1.138080151350e-03       4.604890647949e+03 
       1.213057671939e-03       4.884588178074e+03 
       1.291677934086e-03       5.175140584336e+03 
       1.373821609718e-03       5.475739380739e+03 
       1.459340057464e-03       5.785473836637e+03 
       1.477104874446e-03       5.849405429214e+03 
       1.548061945675e-03       6.103362720945e+03 
       1.639800132871e-03       6.428385677500e+03 
       1.734358260354e-03       6.759511986671e+03 
       1.831536649519e-03       7.095725266818e+03 
       1.931137255592e-03       7.436043432623e+03 
       2.032967577964e-03       7.779522809068e+03 
       2.136843544782e-03       8.125291854834e+03 
       2.242591468925e-03       8.472552563960e+03 
       2.350049215819e-03       8.820567076982e+03 
       2.459066738250e-03       9.168666494668e+03 
       2.569506128263e-03       9.516248923259e+03 
       2.681241319609e-03       9.862776231434e+03 
       2.794157552347e-03       1.020777000962e+04 
       2.908150688546e-03       1.055080705514e+04 
       3.023126446953e-03       1.089151462477e+04 
       3.138999606478e-03       1.122956567812e+04 
       3.255693213559e-03       1.156467431514e+04 
       3.373137816917e-03       1.189659154043e+04 
       3.491270744476e-03       1.222510139516e+04 
       3.610035430799e-03       1.255001741421e+04 
       3.729380798792e-03       1.287117940925e+04 
       3.849260696346e-03       1.318845058345e+04 
       3.969633386433e-03       1.350171496920e+04 
       4.090461087955e-03       1.381087515933e+04 
       4.211709563843e-03       1.411585027421e+04 
       4.333347752587e-03       1.441657411501e+04 
       4.455347439282e-03       1.471299349092e+04 
       4.577682962354e-03       1.500506670534e+04 
       4.700330952322e-03       1.529276222211e+04 
       4.823270099198e-03       1.557605775167e+04 
       4.946480945409e-03       1.585493849338e+04 
       5.069945701410e-03       1.612939652016e+04 
       5.193648081432e-03       1.639942994332e+04 
       5.317573157093e-03       1.666504060434e+04 
       5.441707226813e-03       1.692623726584e+04 
       5.566037699252e-03       1.718303309341e+04 
       5.690552989151e-03       1.743544398482e+04 
       5.815242424168e-03       1.768348910360e+04 
       5.940096161447e-03       1.792719051406e+04 
       6.065105112841e-03       1.816657285975e+04 
       6.190260877787e-03       1.840166306973e+04 
       6.315555682994e-03       1.863249008313e+04 
       6.440982328187e-03       1.885908463677e+04 
       6.566534137227e-03       1.908147892734e+04 
       6.692204914037e-03       1.929970644545e+04 
       6.817988902798e-03       1.951380176647e+04 
       6.943880751968e-03       1.972380034911e+04 
       7.069875481708e-03       1.992973837537e+04 
       7.195968454367e-03       2.013165260758e+04 
       7.322155347697e-03       2.032958026829e+04 
       7.448432130524e-03       2.052355895287e+04 
       7.574795040622e-03       2.071362654819e+04 
       7.701240564565e-03       2.089982118071e+04 
       7.827765419362e-03       2.108218116840e+04 
       7.954366535701e-03       2.126074498005e+04 
       8.081041042642e-03       2.143555120392e+04 
       8.207786253614e-03       2.160663850339e+04 
       8.334599653602e-03       2.177404558406e+04 
       8.461478887407e-03       2.193781114480e+04 
       8.588421748870e-03       2.209797383156e+04 
       8.715426170987e-03       2.225457219092e+04 
       8.842490216820e-03       2.240764461469e+04 
       8.969612071137e-03       2.255722930172e+04 
       9.096790032720e-03       2.270336420890e+04 
       9.224022507271e-03       2.284608702627e+04 
       9.351308000877e-03       2.298543514949e+04 
       9.478645113973e-03       2.312144567478e+04 
       9.606032535774e-03       2.325415539964e+04 
       9.733469039116e-03       2.338360083031e+04 
       9.860953475702e-03       2.350981819865e+04 
       9.988484771685e-03       2.363284347092e+04 
       1.011606192359e-02       2.375271236716e+04 
       1.024368399452e-02       2.386946036488e+04 
       1.037135011067e-02       2.398312270687e+04 
       1.049905945805e-02       2.409373439339e+04 
       1.062681127947e-02       2.420133017517e+04 
       1.075460487174e-02       2.430594453089e+04 
       1.088243958305e-02       2.440761164532e+04 
       1.101031481059e-02       2.450636538499e+04 
       1.113822999823e-02       2.460223927230e+04 
       1.126618463451e-02       2.469526646958e+04 
       1.139417825061e-02       2.478547976729e+04 
       1.152221041861e-02       2.487291158650e+04 
       1.165028074976e-02       2.495759399008e+04 
       1.177838889293e-02       2.503955870844e+04 
       1.190653453317e-02       2.511883716966e+04 
       1.203471739032e-02       2.519546054459e+04 
       1.216293721777e-02       2.526945977714e+04 
       1.229119380129e-02       2.534086562470e+04 
       1.241948695792e-02       2.540970868665e+04 
       1.254781653500e-02       2.547601942360e+04 
       1.267618240919e-02       2.553982817576e+04 
       1.280458448561e-02       2.560116516546e+04 
       1.293302269704e-02       2.566006049420e+04 
       1.306149700318e-02       2.571654412084e+04 
       1.319000738994e-02       2.577064571080e+04 
       1.331855386880e-02       2.582239425522e+04 
       1.344713647627e-02       2.587181763533e+04 
       1.357575527327e-02       2.591894280142e+04 
       1.370441034470e-02       2.596379675297e+04 
       1.383310179896e-02       2.600640638224e+04 
       1.396182976753e-02       2.604680027384e+04 
       1.409059440462e-02       2.608500560630e+04 
       1.421939588679e-02       2.612104978082e+04 
       1.434823441270e-02       2.615495985109e+04 
       1.447711020276e-02       2.618676257063e+04 
       1.460602349898e-02       2.621648442953e+04 
       1.473497456466e-02       2.624415167861e+04 
       1.477104874446e-02       2.625152600095e+04 
       1.486396368430e-02       2.626979034485e+04 
       1.499299116337e-02       2.629342624076e+04 
       1.512205732822e-02       2.631508497050e+04 
       1.525116252595e-02       2.633479193471e+04 
       1.538030712436e-02       2.635257233403e+04 
       1.550949151185e-02       2.636845117106e+04 
       1.563871609742e-02       2.638245325452e+04 
       1.576798131065e-02       2.639460320068e+04 
       1.589728760168e-02       2.640492543632e+04 
       1.602663544128e-02       2.641344420044e+04 
       1.615602532086e-02       2.642018354648e+04 
       1.628545775254e-02       2.642516734430e+04 
       1.641493326929e-02       2.642841928227e+04 
       1.654445242496e-02       2.642996286889e+04 
       1.667401579445e-02       2.642982143487e+04 
       1.680362397384e-02       2.642801813458e+04 
       1.693327758053e-02       2.642457594792e+04 
       1.706297725346e-02       2.641951768204e+04 
       1.719272365325e-02       2.641286597293e+04 
       1.732251746246e-02       2.640464328665e+04 
       1.745235938578e-02       2.639487192115e+04 
       1.758225015029e-02       2.638357400784e+04 
       1.771219050572e-02       2.637077151132e+04 
       1.784218122473e-02       2.635648623286e+04 
       1.797222310320e-02       2.634073980999e+04 
       1.810231696053e-02       2.632355371823e+04 
       1.823246363999e-02       2.630494927166e+04 
       1.836266400903e-02       2.628494762420e+04 
       1.849291895970e-02       2.626356977054e+04 
       1.862322940896e-02       2.624083654675e+04 
       1.875359629910e-02       2.621676863100e+04 
       1.888402059817e-02       2.619138654541e+04 
       1.901450330040e-02       2.616471065467e+04 
       1.914504542661e-02       2.613676116871e+04 
       1.927564802473e-02       2.610755814213e+04 
       1.940631217024e-02       2.607712147498e+04 
       1.953703896671e-02       2.604547091456e+04 
       1.966782954627e-02       2.601262605290e+04 
       1.979868507018e-02       2.597860633018e+04 
       1.992960672938e-02       2.594343103429e+04 
       2.006059574507e-02       2.590711930002e+04 
       2.019165336930e-02       2.586969011101e+04 
       2.032278088557e-02       2.583116229963e+04 
       2.045397960952e-02       2.579155454603e+04 
       2.058525088953e-02       2.575088537991e+04 
       2.071659610742e-02       2.570917318013e+04 
       2.084801667919e-02       2.566643617473e+04 
       2.097951405567e-02       2.562269244145e+04 
       2.111108972336e-02       2.557795990779e+04 
       2.124274520511e-02       2.553225635099e+04 
       2.137448206099e-02       2.548559939727e+04 
       2.150630188909e-02       2.543800652392e+04 
       2.163820632635e-02       2.538949505801e+04 
       2.177019704946e-02       2.534008217618e+04 
       2.190227577574e-02       2.528978490492e+04 
       2.203444426412e-02       2.523862012120e+04 
       2.216670431603e-02       2.518660455154e+04 
       2.229905777645e-02       2.513375477291e+04 
       2.243150653491e-02       2.508008721137e+04 
       2.256405252654e-02       2.502561814284e+04 
       2.269669773315e-02       2.497036369412e+04 
       2.282944418440e-02       2.491433984030e+04 
       2.296229395887e-02       2.485756240599e+04 
       2.309524918533e-02       2.480004706602e+04 
       2.322831204394e-02       2.474180934418e+04 
       2.336148476752e-02       2.468286461330e+04 
       2.349476964284e-02       2.462322809486e+04 
       2.362816901202e-02       2.456291485981e+04 
       2.376168527385e-02       2.450193982772e+04 
       2.389532088532e-02       2.444031776701e+04 
       2.402907836300e-02       2.437806329339e+04 
       2.416296028467e-02       2.431519087186e+04 
       2.429696929081e-02       2.425171481596e+04 
       2.443110808631e-02       2.418764928605e+04 
       2.456537944209e-02       2.412300829022e+04 
       2.469978619690e-02       2.405780568540e+04 
       2.483433125905e-02       2.399205517544e+04 
       2.496901760832e-02       2.392577031125e+04 
       2.510384829784e-02       2.385896449119e+04 
       2.523882645611e-02       2.379165095933e+04 
       2.537395528899e-02       2.372384280899e+04 
       2.550923808187e-02       2.365555297831e+04 
       2.564467820182e-02       2.358679425235e+04 
       2.578027909988e-02       2.351757926209e+04 
       2.591604431336e-02       2.344792048591e+04 
       2.605197746829e-02       2.337783024677e+04 
       2.618808228193e-02       2.330732071523e+04 
       2.632436256530e-02       2.323640390489e+04 
       2.646082222595e-02       2.316509167676e+04 
       2.659746527064e-02       2.309339573755e+04 
       2.673429580828e-02       2.302132763827e+04 
       2.687131805287e-02       2.294889877557e+04 
       2.700853632660e-02       2.287612039079e+04 
       2.714595506304e-02       2.280300357009e+04 
       2.728357881043e-02       2.272955924475e+04 
       2.742141223512e-02       2.265579819019e+04 
       2.755946012514e-02       2.258173102597e+04 
       2.769772739390e-02       2.250736821705e+04 
       2.783621908395e-02       2.243272007137e+04 
       2.797494037103e-02       2.235779674142e+04 
       2.811389656815e-02       2.228260822379e+04 
       2.825309312989e-02       2.220716435840e+04 
       2.839253565683e-02       2.213147482858e+04 
       2.853222990016e-02       2.205554916232e+04 
       2.867218176650e-02       2.197939672938e+04 
       2.881239732287e-02       2.190302674352e+04 
       2.895288280191e-02       2.182644826212e+04 
       2.909364460721e-02       2.174967018400e+04 
       2.923468931899e-02       2.167270125227e+04 
       2.937602369988e-02       2.159555005191e+04 
       2.951765470106e-02       2.151822500970e+04 
       2.965958946853e-02       2.144073439595e+04 
       2.980183534976e-02       2.136308632231e+04 
       2.994439990052e-02       2.128528874219e+04 
       3.008729089207e-02       2.120734945064e+04 
       3.023051631862e-02       2.112927608468e+04 
       3.037408440514e-02       2.105107612215e+04 
       3.051800361546e-02       2.097275688126e+04 
       3.066228266080e-02       2.089432552200e+04 
       3.080693050862e-02       2.081578904467e+04 
       3.095195639186e-02       2.073715428806e+04 
       3.109736981867e-02       2.065842793271e+04 
       3.124318058247e-02       2.057961649724e+04 
       3.138939877261e-02       2.050072634050e+04 
       3.153603478538e-02       2.042176365861e+04 
       3.168309933564e-02       2.034273448618e+04 
       3.183060346897e-02       2.026364469703e+04 
       3.197855857436e-02       2.018449999979e+04 
       3.212697639759e-02       2.010530594136e+04 
       3.227586905516e-02       2.002606790416e+04 
       3.242524904902e-02       1.994679110663e+04 
       3.257512928192e-02       1.986748060095e+04 
       3.272552307358e-02       1.978814127347e+04 
       3.287644417773e-02       1.970877784516e+04 
       3.302790679988e-02       1.962939486759e+04 
       3.317992561616e-02       1.954999672515e+04 
       3.333251579305e-02       1.947058763143e+04 
       3.348569300816e-02       1.939117163013e+04 
       3.363947347215e-02       1.931175259427e+04 
       3.379387395179e-02       1.923233422220e+04 
       3.394891179434e-02       1.915292003884e+04 
       3.410460495313e-02       1.907351339376e+04 
       3.426097201475e-02       1.899411745948e+04 
       3.441803222761e-02       1.891473522881e+04 
       3.457580553220e-02       1.883536951578e+04 
       3.473431259309e-02       1.875602295065e+04 
       3.489357483273e-02       1.867669797985e+04 
       3.505361446731e-02       1.859739686440e+04 
       3.521445454470e-02       1.851812167478e+04 
       3.537611898470e-02       1.843887429257e+04 
       3.553863262172e-02       1.835965640297e+04 
       3.570202125009e-02       1.828046949770e+04 
       3.586631167224e-02       1.820131486656e+04 
       3.603153174982e-02       1.812219359815e+04 
       3.619771045819e-02       1.804310657314e+04 
       3.636487794441e-02       1.796405446314e+04 
       3.653306558894e-02       1.788503772669e+04 
       3.670230607157e-02       1.780605660325e+04 
       3.687263344169e-02       1.772711110826e+04 
       3.704408319338e-02       1.764820103229e+04 
       3.721669234562e-02       1.756932593169e+04 
       3.739049952826e-02       1.749048512224e+04 
       3.756554507388e-02       1.741167767756e+04 
       3.774187111642e-02       1.733290241955e+04 
       3.791952169689e-02       1.725415791080e+04 
       3.809854287698e-02       1.717544244855e+04 
       3.827898286109e-02       1.709675405561e+04 
       3.846089212772e-02       1.701809047263e+04 
       3.864432357096e-02       1.693944914759e+04 
       3.882933265307e-02       1.686082722561e+04 
       3.901597756918e-02       1.678222153885e+04 
       3.920431942534e-02       1.670362859520e+04 
       3.939442243107e-02       1.662504455914e+04 
       3.958635410806e-02       1.654646524851e+04 
       3.978018551644e-02       1.646788611129e+04 
       3.997599150056e-02       1.638930221179e+04 
       4.017385095621e-02       1.631070821345e+04 
       4.037384712167e-02       1.623209835796e+04 
       4.057606789498e-02       1.615346644575e+04 
       4.078060618044e-02       1.607480581140e+04 
       4.098756026752e-02       1.599610930157e+04 
       4.119703424585e-02       1.591736924398e+04 
       4.140913846047e-02       1.583857741985e+04 
       4.162399001201e-02       1.575972503077e+04 
       4.184171330721e-02       1.568080266299e+04 
       4.206244066590e-02       1.560180024695e+04 
       4.228631299134e-02       1.552270701346e+04 
       4.251348051207e-02       1.544351144762e+04 
       4.274410360437e-02       1.536420123359e+04 
       4.297835370594e-02       1.528476319579e+04 
       4.321641433302e-02       1.520518323452e+04 
       4.345848221510e-02       1.512544624969e+04 
       4.370476856367e-02       1.504553606266e+04 
       4.395550049403e-02       1.496543532314e+04 
       4.421092262257e-02       1.488512540522e+04 
       4.447129886558e-02       1.480458629162e+04 
       4.473691447027e-02       1.472379644380e+04 
       4.500807831421e-02       1.464273265021e+04 
       4.528512551593e-02       1.456136985882e+04 
       4.556842040748e-02       1.447968098204e+04 
       4.585835992923e-02       1.439763667155e+04 
       4.615537751951e-02       1.431520506435e+04 
       4.645994758546e-02       1.423235148216e+04 
       4.677259065979e-02       1.414903808234e+04 
       4.709387936984e-02       1.406522345515e+04 
       4.742444537244e-02       1.398086214040e+04 
       4.776498744185e-02       1.389590406087e+04 
       4.811628094042e-02       1.381029384764e+04 
       4.847918895420e-02       1.372397002614e+04 
       4.885467544266e-02       1.363686403557e+04 
       4.924382083556e-02       1.354889903648e+04 
       4.964784061703e-02       1.345998844370e+04 
       5.006810757249e-02       1.337003411686e+04 
       5.050617854690e-02       1.327892409480e+04 
       5.096382678359e-02       1.318652974965e+04 
       5.144308119321e-02       1.309270216085e+04 
       5.194627425881e-02       1.299726746330e+04 
       5.247610073105e-02       1.290002079960e+04 
       5.303568982294e-02       1.280071838843e+04 
       5.362869428455e-02       1.269906700624e+04 
       5.425940050996e-02       1.259470986137e+04 
       5.493286463602e-02       1.248720744701e+04 
       5.565508025819e-02       1.237601131812e+04 
       5.643318350645e-02       1.226042783023e+04 
       5.727569993936e-02       1.213956769606e+04 
       5.819283332410e-02       1.201227561606e+04 
       5.919678565692e-02       1.187703243632e+04 
       6.030207505689e-02       1.173182105915e+04 
       6.152577441118e-02       1.157394868240e+04 
       6.288751741939e-02       1.139982690507e+04 
       6.440900385847e-02       1.120473804337e+04 
       6.611260679849e-02       1.098267659005e+04 
       6.801864854801e-02       1.072646090084e+04 
       7.014121050183e-02       1.042843108247e+04 
       7.248324370282e-02       1.008204466378e+04 
       7.503305012859e-02       9.684314744468e+03 
       7.776467170701e-02       9.238278664551e+03 
       8.064294794392e-02       8.754143592030e+03 
       8.363090401861e-02       8.248239478400e+03 
       8.669585823397e-02       7.740182789925e+03 
       8.981231529311e-02       7.249506810777e+03 
       9.296205835183e-02       6.792876919919e+03 
       9.613282300451e-02       6.382387131552e+03 
       9.931666769316e-02       6.024922445526e+03 
       1.025085761102e-01       5.722329988853e+03 
       1.057054284775e-01       5.472091832253e+03 
       1.089053029678e-01       5.268241427484e+03 
       1.121070225447e-01       5.102354781092e+03 
       1.153098687891e-01       4.964536349923e+03 
       1.185134040437e-01       4.844377755181e+03 
       1.217173619317e-01       4.731881859205e+03 
       1.249215803522e-01       4.618321078958e+03 
       1.281259606130e-01       4.496961057667e+03 
       1.313304425584e-01       4.363557883609e+03 
       1.345349894489e-01       4.216549861515e+03 
       1.377395787763e-01       4.056913149749e+03 
       1.409441966865e-01       3.887717286386e+03 
       1.441488345921e-01       3.713472970817e+03 
       1.473534871163e-01       3.539393061018e+03 
       1.477104874446e-01       3.520241384394e+03 
       1.505581508436e-01       3.370682758045e+03 
       1.537628235607e-01       3.211946938240e+03 
       1.569675037944e-01       3.066764528975e+03 
       1.601721905309e-01       2.937444862772e+03 
       1.633768830440e-01       2.824953598596e+03 
       1.665815807903e-01       2.728979376173e+03 
       1.697862833448e-01       2.648105333375e+03 
       1.729909903613e-01       2.580050081433e+03 
       1.761957015475e-01       2.521948052845e+03 
       1.794004166496e-01       2.470644962992e+03 
       1.826051354425e-01       2.423096096456e+03 
       1.858098577230e-01       2.376873344823e+03 
       1.890145833059e-01       2.328971620968e+03 
       1.922193120208e-01       2.277579092741e+03 
       1.954240437100e-01       2.221686282935e+03 
       1.986287782270e-01       2.161138850284e+03 
       2.018335154351e-01       2.096572495957e+03 
       2.050382552066e-01       2.029234423404e+03 
       2.082429974219e-01       1.960732133623e+03 
       2.114477419690e-01       1.892770456074e+03 
       2.146524887424e-01       1.826932944905e+03 
       2.178572376432e-01       1.764537980837e+03 
       2.210619885781e-01       1.706569113613e+03 
       2.242667414592e-01       1.653656715168e+03 
       2.274714962038e-01       1.606083860467e+03 
       2.306762527335e-01       1.563799114367e+03 
       2.338810109746e-01       1.526435185048e+03 
       2.370857708571e-01       1.493343460644e+03 
       2.402905323150e-01       1.463655660454e+03 
       2.434952952856e-01       1.436375075186e+03 
       2.467000597096e-01       1.410486521222e+03 
       2.499048255307e-01       1.385064758937e+03 
       2.531095926955e-01       1.359359705963e+03 
       2.563143611533e-01       1.332845090064e+03 
       2.595191308559e-01       1.305229970997e+03 
       2.627239017575e-01       1.276443441879e+03 
       2.659286738145e-01       1.246606080664e+03 
       2.691334469854e-01       1.215997381509e+03 
       2.723382212305e-01       1.185020661135e+03 
       2.755429965122e-01       1.154161386365e+03 
       2.787477727946e-01       1.123935496588e+03 
       2.819525500434e-01       1.094830014260e+03 
       2.851573282256e-01       1.067245293833e+03 
       2.883621073102e-01       1.041451283309e+03 
       2.915668872671e-01       1.017567721730e+03 
       2.947716680678e-01       9.955706079811e+02 
       2.979764496848e-01       9.753190509703e+02 
       3.011812320920e-01       9.565913550883e+02 
       3.043860152644e-01       9.391193208505e+02 
       3.075907991777e-01       9.226144293520e+02 
       3.107955838091e-01       9.067860286535e+02 
       3.140003691364e-01       8.913560589290e+02 
       3.172051551384e-01       8.760752610687e+02 
       3.204099417948e-01       8.607423858530e+02 
       3.236147290860e-01       8.452229884781e+02 
       3.268195169933e-01       8.294615874796e+02 
       3.300243054986e-01       8.134815578266e+02 
       3.332290945846e-01       7.973716035851e+02 
       3.364338842347e-01       7.812626378687e+02 
       3.396386744327e-01       7.653024866772e+02 
       3.428434651633e-01       7.496352223586e+02 
       3.460482564115e-01       7.343886704214e+02 
       3.492530481631e-01       7.196690689595e+02 
       3.524578404043e-01       7.055589370389e+02 
       3.556626331218e-01       6.921143037291e+02 
       3.588674263027e-01       6.793598906187e+02 
       3.620722199347e-01       6.672841040171e+02 
       3.652770140059e-01       6.558375349641e+02 
       3.684818085048e-01       6.449379823239e+02 
       3.716866034202e-01       6.344823291640e+02 
       3.748913987414e-01       6.243623777306e+02 
       3.780961944581e-01       6.144798585444e+02 
       3.813009905603e-01       6.047563516613e+02 
       3.845057870382e-01       5.951363788637e+02 
       3.877105838826e-01       5.855850374745e+02 
       3.909153810843e-01       5.760835469478e+02 
       3.941201786347e-01       5.666259807053e+02 
       3.973249765252e-01       5.572185509768e+02 
       4.005297747476e-01       5.478804059372e+02 
       4.037345732940e-01       5.386434793588e+02 
       4.069393721568e-01       5.295492704719e+02 
       4.101441713285e-01       5.206423078159e+02 
       4.133489708018e-01       5.119620907578e+02 
       4.165537705698e-01       5.035364651856e+02 
       4.197585706257e-01       4.953788080364e+02 
       4.229633709630e-01       4.874895565897e+02 
       4.261681715752e-01       4.798605597415e+02 
       4.293729724562e-01       4.724796127123e+02 
       4.325777736000e-01       4.653329265518e+02 
       4.357825750008e-01       4.584048705802e+02 
       4.389873766528e-01       4.516761320286e+02 
       4.421921785508e-01       4.451223882336e+02 
       4.453969806892e-01       4.387152299692e+02 
       4.486017830630e-01       4.324256433481e+02 
       4.518065856671e-01       4.262287644374e+02 
       4.550113884966e-01       4.201078046965e+02 
       4.582161915468e-01       4.140553767223e+02 
       4.614209948131e-01       4.080719903806e+02 
       4.646257982910e-01       4.021626597192e+02 
       4.678306019761e-01       3.963336389924e+02 
       4.710354058641e-01       3.905907823195e+02 
       4.742402099511e-01       3.849398949768e+02 
       4.774450142328e-01       3.793881519452e+02 
       4.806498187055e-01       3.739450360450e+02 
       4.838546233652e-01       3.686216122161e+02 
       4.870594282084e-01       3.634280606579e+02 
       4.902642332314e-01       3.583705361880e+02 
       4.934690384307e-01       3.534489056474e+02 
       4.966738438028e-01       3.486565578418e+02 
       4.998786493445e-01       3.439823607201e+02 
       5.030834550524e-01       3.394137782709e+02 
       5.062882609235e-01       3.349396393216e+02 
       5.094930669545e-01       3.305513976454e+02 
       5.126978731426e-01       3.262426688309e+02 
       5.159026794847e-01       3.220078060143e+02 
       5.191074859781e-01       3.178407489194e+02 
       5.223122926199e-01       3.137350404428e+02 
       5.255170994074e-01       3.096850935829e+02 
       5.287219063379e-01       3.056879227298e+02 
       5.319267134089e-01       3.017442338926e+02 
       5.351315206178e-01       2.978580771739e+02 
       5.383363279621e-01       2.940351150600e+02 
       5.415411354395e-01       2.902803249687e+02 
       5.447459430475e-01       2.865962698548e+02 
       5.479507507840e-01       2.829827196441e+02 
       5.511555586465e-01       2.794376373542e+02 
       5.543603666330e-01       2.759588032349e+02 
       5.575651747413e-01       2.725450608012e+02 
       5.607699829693e-01       2.691964779527e+02 
       5.639747913150e-01       2.659134128338e+02 
       5.671795997763e-01       2.626951368935e+02 
       5.703844083513e-01       2.595389148126e+02 
       5.735892170381e-01       2.564401432666e+02 
       5.767940258349e-01       2.533935070212e+02 
       5.799988347397e-01       2.503945157096e+02 
       5.832036437508e-01       2.474405765688e+02 
       5.864084528665e-01       2.445310508445e+02 
       5.896132620850e-01       2.416663445434e+02 
       5.928180714048e-01       2.388466297492e+02 
       5.960228808240e-01       2.360709739128e+02 
       5.992276903412e-01       2.333373660689e+02 
       6.024324999548e-01       2.306435803869e+02 
       6.056373096632e-01       2.279883031927e+02 
       6.088421194649e-01       2.253718153236e+02 
       6.120469293586e-01       2.227957956747e+02 
       6.152517393426e-01       2.202623365728e+02 
       6.184565494157e-01       2.177727227465e+02 
       6.216613595764e-01       2.153266485020e+02 
       6.248661698233e-01       2.129222834071e+02 
       6.280709801553e-01       2.105570978824e+02 
       6.312757905709e-01       2.082289400651e+02 
       6.344806010689e-01       2.059367359294e+02 
       6.376854116481e-01       2.036804434396e+02 
       6.408902223071e-01       2.014603485741e+02 
       6.440950330449e-01       1.992761721476e+02 
       6.472998438603e-01       1.971265490183e+02 
       6.505046547521e-01       1.950092002843e+02 
       6.537094657192e-01       1.929216974399e+02 
       6.569142767604e-01       1.908623615797e+02 
       6.601190878748e-01       1.888307701517e+02 
       6.633238990611e-01       1.868275870135e+02 
       6.665287103185e-01       1.848538353423e+02 
       6.697335216458e-01       1.829100325435e+02 
       6.729383330422e-01       1.809956959004e+02 
       6.761431445064e-01       1.791094772715e+02 
       6.793479560378e-01       1.772498127704e+02 
       6.825527676352e-01       1.754156771704e+02 
       6.857575792977e-01       1.736069912530e+02 
       6.889623910245e-01       1.718244464883e+02 
       6.921672028146e-01       1.700688599326e+02 
       6.953720146672e-01       1.683404533578e+02 
       6.985768265813e-01       1.666384787665e+02 
       7.017816385563e-01       1.649613976964e+02 
       7.049864505911e-01       1.633074979732e+02 
       7.081912626851e-01       1.616755795931e+02 
       7.113960748374e-01       1.600653100393e+02 
       7.146008870472e-01       1.584770638273e+02 
       7.178056993138e-01       1.569113640467e+02 
       7.210105116363e-01       1.553682692903e+02 
       7.242153240141e-01       1.538470776235e+02 
       7.274201364464e-01       1.523465092359e+02 
       7.306249489325e-01       1.508652467669e+02 
       7.338297614717e-01       1.494025074277e+02 
       7.370345740633e-01       1.479583017489e+02 
       7.402393867067e-01       1.465332334710e+02 
       7.434441994010e-01       1.451279725266e+02 
       7.466490121457e-01       1.437427036032e+02 
       7.498538249402e-01       1.423768782339e+02 
       7.530586377838e-01       1.410294040564e+02 
       7.562634506759e-01       1.396991344912e+02 
       7.594682636158e-01       1.383853761963e+02 
       7.626730766030e-01       1.370881093983e+02 
       7.658778896368e-01       1.358077970839e+02 
       7.690827027167e-01       1.345449249226e+02 
       7.722875158421e-01       1.332995326107e+02 
       7.754923290125e-01       1.320710239926e+02 
       8.545701310948e-01       1.061418049182e+02 
       9.733240951925e-01       7.891877178006e+01 
       1.165653051127e+00       5.202237788547e+01 
       1.477104874446e+00       2.979928786261e+01 
