# Matter power spectrum P(k) at redshift z=0
# for k=1.0432e-05 to 1.4771 h/Mpc,
# number of wavenumbers equal to 615
#    1:k (h/Mpc)              2:P (Mpc/h)^3        
       1.043203858107e-05       5.025461770248e+01 
       2.328502756704e-05       1.092637459884e+02 
       3.618303370179e-05       1.673540583374e+02 
       4.916060935589e-05       2.251042529341e+02 
       6.225287605233e-05       2.828504454251e+02 
       7.549583628224e-05       3.408486301130e+02 
       8.892669525137e-05       3.993203704675e+02 
       1.025841968192e-04       4.584716055863e+02 
       1.165089779256e-04       5.185023609298e+02 
       1.307439458338e-04       5.796126896683e+02 
       1.453346825239e-04       6.420068509005e+02 
       1.603298805161e-04       7.058966057253e+02 
       1.757818142279e-04       7.715040638289e+02 
       1.917468506135e-04       8.390643114282e+02 
       2.082860021889e-04       9.088279503934e+02 
       2.254655245032e-04       9.810636218103e+02 
       2.433575584919e-04       1.056060550802e+03 
       2.620408157402e-04       1.134131121367e+03 
       2.816013012276e-04       1.215613463955e+03 
       3.021330632882e-04       1.300874010525e+03 
       3.237389539489e-04       1.390309939100e+03 
       3.465313740900e-04       1.484351390187e+03 
       3.706329666463e-04       1.583463289383e+03 
       3.961772070757e-04       1.688146553304e+03 
       4.233088235642e-04       1.798938390565e+03 
       4.521839604187e-04       1.916411338858e+03 
       4.829699780954e-04       2.041170609938e+03 
       5.158447647667e-04       2.173849257661e+03 
       5.509954211918e-04       2.315100657355e+03 
       5.886161785848e-04       2.465587810768e+03 
       6.289054253571e-04       2.625969097214e+03 
       6.720617608342e-04       2.796880305856e+03 
       7.182790687868e-04       2.978913125361e+03 
       7.677407129564e-04       3.172590734317e+03 
       8.206130947565e-04       3.378341694390e+03 
       8.770389629062e-04       3.596473921404e+03 
       9.371309973044e-04       3.827150980296e+03 
       1.000966269072e-03       4.070373179441e+03 
       1.068582171845e-03       4.325965804492e+03 
       1.139974307705e-03       4.593576268493e+03 
       1.215096602310e-03       4.872681000248e+03 
       1.293863654243e-03       5.162601697271e+03 
       1.376155049889e-03       5.462529374657e+03 
       1.461821155886e-03       5.771553717886e+03 
       1.477104874446e-03       5.826344603391e+03 
       1.550689778257e-03       6.088694809790e+03 
       1.642573063642e-03       6.412934424132e+03 
       1.737274098140e-03       6.743244658577e+03 
       1.834592798856e-03       7.078612481022e+03 
       1.934330853377e-03       7.418059524736e+03 
       2.036295610840e-03       7.760645673645e+03 
       2.140302945330e-03       8.105504090638e+03 
       2.246179190992e-03       8.451840386487e+03 
       2.353762290800e-03       8.798920513718e+03 
       2.462902314920e-03       9.146079178100e+03 
       2.573461499041e-03       9.492717841200e+03 
       2.685313936037e-03       9.838301453407e+03 
       2.798345032312e-03       1.018235440322e+04 
       2.912450817375e-03       1.052445600276e+04 
       3.027537174163e-03       1.086423574878e+04 
       3.143519039551e-03       1.120136857955e+04 
       3.260319609826e-03       1.153557033539e+04 
       3.377869574356e-03       1.186659353278e+04 
       3.496106392013e-03       1.219422352556e+04 
       3.614973618511e-03       1.251827497514e+04 
       3.734420288333e-03       1.283858865345e+04 
       3.854400351750e-03       1.315502857279e+04 
       3.974872165432e-03       1.346747944166e+04 
       4.095798033867e-03       1.377584440783e+04 
       4.217143798056e-03       1.408004303896e+04 
       4.338878467641e-03       1.438000948891e+04 
       4.460973892539e-03       1.467569083352e+04 
       4.583404470211e-03       1.496704557099e+04 
       4.706146884954e-03       1.525404229002e+04 
       4.829179875782e-03       1.553665877846e+04 
       4.952484029790e-03       1.581488024826e+04 
       5.076041598182e-03       1.608869875344e+04 
       5.199836332384e-03       1.635811234759e+04 
       5.323853337996e-03       1.662312277428e+04 
       5.448078944512e-03       1.688373870281e+04 
       5.572500589036e-03       1.713997313988e+04 
       5.697106712372e-03       1.739184182352e+04 
       5.821886666078e-03       1.763936373548e+04 
       5.946830629250e-03       1.788256074365e+04 
       6.071929533916e-03       1.812145728377e+04 
       6.197174998079e-03       1.835608006560e+04 
       6.322559265556e-03       1.858645780277e+04 
       6.448075151850e-03       1.881262095475e+04 
       6.573715995394e-03       1.903460148685e+04 
       6.699475613581e-03       1.925243264448e+04 
       6.825348263061e-03       1.946614874425e+04 
       6.951328603845e-03       1.967578498778e+04 
       7.077411666814e-03       1.988137729675e+04 
       7.203592824272e-03       2.008296217169e+04 
       7.329867763229e-03       2.028057657586e+04 
       7.456232461131e-03       2.047425784249e+04 
       7.582683163782e-03       2.066404360016e+04 
       7.709216365252e-03       2.084997171585e+04 
       7.835828789550e-03       2.103208024979e+04 
       7.962517373914e-03       2.121040741483e+04 
       8.089279253532e-03       2.138499154221e+04 
       8.216111747578e-03       2.155587104349e+04 
       8.343012346431e-03       2.172308437105e+04 
       8.469978699955e-03       2.188666997487e+04 
       8.597008606756e-03       2.204666625468e+04 
       8.724100004315e-03       2.220311151168e+04 
       8.851250959920e-03       2.235604389955e+04 
       8.978459662332e-03       2.250550137858e+04 
       9.105724414099e-03       2.265152167491e+04 
       9.233043624491e-03       2.279414224813e+04 
       9.360415802968e-03       2.293340026996e+04 
       9.487839553169e-03       2.306933261477e+04 
       9.615313567342e-03       2.320197586145e+04 
       9.742836621214e-03       2.333136630199e+04 
       9.870407569230e-03       2.345753995439e+04 
       9.998025340161e-03       2.358053257658e+04 
       1.012568893302e-02       2.370037967965e+04 
       1.025339741331e-02       2.381711653722e+04 
       1.038114990948e-02       2.393077818929e+04 
       1.050894560972e-02       2.404139943817e+04 
       1.063678375893e-02       2.414901483723e+04 
       1.076466365593e-02       2.425365867258e+04 
       1.089258465083e-02       2.435536494005e+04 
       1.102054614266e-02       2.445416732046e+04 
       1.114854757709e-02       2.455009915547e+04 
       1.127658844436e-02       2.464319342950e+04 
       1.140466827732e-02       2.473348275957e+04 
       1.153278664965e-02       2.482099939581e+04 
       1.166094317415e-02       2.490577523379e+04 
       1.178913750120e-02       2.498784183802e+04 
       1.191736931730e-02       2.506723025227e+04 
       1.204563834371e-02       2.514397177861e+04 
       1.217394433521e-02       2.521809730858e+04 
       1.230228707890e-02       2.528963732528e+04 
       1.243066639316e-02       2.535862220557e+04 
       1.255908212658e-02       2.542508222176e+04 
       1.268753415709e-02       2.548904754534e+04 
       1.281602239103e-02       2.555054824738e+04 
       1.294454676240e-02       2.560961427655e+04 
       1.307310723206e-02       2.566627544672e+04 
       1.320170378710e-02       2.572056128925e+04 
       1.333033644014e-02       2.577250068365e+04 
       1.345900522881e-02       2.582212141603e+04 
       1.358771021516e-02       2.586945031601e+04 
       1.371645148518e-02       2.591451413479e+04 
       1.384522914835e-02       2.595734014425e+04 
       1.397404333725e-02       2.599795594370e+04 
       1.410289420714e-02       2.603638905257e+04 
       1.423178193565e-02       2.607266670625e+04 
       1.436070672248e-02       2.610681582237e+04 
       1.448966878912e-02       2.613886302754e+04 
       1.461866837859e-02       2.616883468919e+04 
       1.474770575525e-02       2.619675693743e+04 
       1.477104874446e-02       2.620159037639e+04 
       1.487678120464e-02       2.622265568094e+04 
       1.500589503327e-02       2.624655661512e+04 
       1.513504756851e-02       2.626848522873e+04 
       1.526423915853e-02       2.628846680866e+04 
       1.539347017215e-02       2.630652644277e+04 
       1.552274099882e-02       2.632268902303e+04 
       1.565205204859e-02       2.633697924825e+04 
       1.578140375208e-02       2.634942162636e+04 
       1.591079656051e-02       2.636004047714e+04 
       1.604023094569e-02       2.636885993357e+04 
       1.616970740011e-02       2.637590394484e+04 
       1.629922643698e-02       2.638119627806e+04 
       1.642878859035e-02       2.638476052006e+04 
       1.655839441515e-02       2.638662008013e+04 
       1.668804448741e-02       2.638679819069e+04 
       1.681773940432e-02       2.638531791026e+04 
       1.694747978441e-02       2.638220212389e+04 
       1.707726626775e-02       2.637747354550e+04 
       1.720709951614e-02       2.637115471815e+04 
       1.733698021329e-02       2.636326801643e+04 
       1.746690906508e-02       2.635383564624e+04 
       1.759688679980e-02       2.634287964773e+04 
       1.772691416838e-02       2.633042189498e+04 
       1.785699194472e-02       2.631648409907e+04 
       1.798712092595e-02       2.630108780857e+04 
       1.811730193274e-02       2.628425441098e+04 
       1.824753580964e-02       2.626600513369e+04 
       1.837782342544e-02       2.624636104555e+04 
       1.850816567349e-02       2.622534305629e+04 
       1.863856347210e-02       2.620297191965e+04 
       1.876901776496e-02       2.617926823194e+04 
       1.889952952149e-02       2.615425243378e+04 
       1.903009973736e-02       2.612794481117e+04 
       1.916072943483e-02       2.610036549488e+04 
       1.929141966330e-02       2.607153446178e+04 
       1.942217149977e-02       2.604147153587e+04 
       1.955298604930e-02       2.601019638737e+04 
       1.968386444561e-02       2.597772853508e+04 
       1.981480785152e-02       2.594408734460e+04 
       1.994581745961e-02       2.590929202999e+04 
       2.007689449270e-02       2.587336165516e+04 
       2.020804020453e-02       2.583631513153e+04 
       2.033925588033e-02       2.579817122071e+04 
       2.047054283745e-02       2.575894853404e+04 
       2.060190242608e-02       2.571866553231e+04 
       2.073333602985e-02       2.567734052562e+04 
       2.086484506661e-02       2.563499167536e+04 
       2.099643098910e-02       2.559163699341e+04 
       2.112809528573e-02       2.554729434080e+04 
       2.125983948134e-02       2.550198142996e+04 
       2.139166513801e-02       2.545571582474e+04 
       2.152357385589e-02       2.540851493758e+04 
       2.165556727402e-02       2.536039603382e+04 
       2.178764707125e-02       2.531137622859e+04 
       2.191981496709e-02       2.526147248758e+04 
       2.205207272271e-02       2.521070162776e+04 
       2.218442214184e-02       2.515908031646e+04 
       2.231686507182e-02       2.510662507167e+04 
       2.244940340455e-02       2.505335226051e+04 
       2.258203907763e-02       2.499927810162e+04 
       2.271477407539e-02       2.494441867181e+04 
       2.284761043003e-02       2.488878988673e+04 
       2.298055022277e-02       2.483240751661e+04 
       2.311359558507e-02       2.477528718182e+04 
       2.324674869984e-02       2.471744435287e+04 
       2.338001180269e-02       2.465889435066e+04 
       2.351338718331e-02       2.459965234528e+04 
       2.364687718672e-02       2.453973335580e+04 
       2.378048421477e-02       2.447915225227e+04 
       2.391421072751e-02       2.441792375328e+04 
       2.404805924470e-02       2.435606242608e+04 
       2.418203234734e-02       2.429358268709e+04 
       2.431613267924e-02       2.423049880280e+04 
       2.445036294870e-02       2.416682488705e+04 
       2.458472593011e-02       2.410257490230e+04 
       2.471922446580e-02       2.403776265963e+04 
       2.485386146773e-02       2.397240181823e+04 
       2.498863991945e-02       2.390650588580e+04 
       2.512356287792e-02       2.384008821790e+04 
       2.525863347559e-02       2.377316201507e+04 
       2.539385492237e-02       2.370574032914e+04 
       2.552923050778e-02       2.363783605791e+04 
       2.566476360317e-02       2.356946194525e+04 
       2.580045766392e-02       2.350063058301e+04 
       2.593631623182e-02       2.343135440988e+04 
       2.607234293752e-02       2.336164571092e+04 
       2.620854150295e-02       2.329151661874e+04 
       2.634491574401e-02       2.322097910958e+04 
       2.648146957319e-02       2.315004500832e+04 
       2.661820700236e-02       2.307872598600e+04 
       2.675513214567e-02       2.300703355787e+04 
       2.689224922250e-02       2.293497908682e+04 
       2.702956256057e-02       2.286257378004e+04 
       2.716707659910e-02       2.278982868997e+04 
       2.730479589219e-02       2.271675471530e+04 
       2.744272511218e-02       2.264336260018e+04 
       2.758086905325e-02       2.256966293252e+04 
       2.771923263514e-02       2.249566614498e+04 
       2.785782090693e-02       2.242138251723e+04 
       2.799663905105e-02       2.234682217127e+04 
       2.813569238740e-02       2.227199507439e+04 
       2.827498637763e-02       2.219691103847e+04 
       2.841452662962e-02       2.212157971860e+04 
       2.855431890207e-02       2.204601061564e+04 
       2.869436910931e-02       2.197021307289e+04 
       2.883468332632e-02       2.189419627740e+04 
       2.897526779392e-02       2.181796926083e+04 
       2.911612892414e-02       2.174154089740e+04 
       2.925727330588e-02       2.166491990480e+04 
       2.939870771072e-02       2.158811484435e+04 
       2.954043909905e-02       2.151113412035e+04 
       2.968247462640e-02       2.143398597848e+04 
       2.982482165002e-02       2.135667850776e+04 
       2.996748773580e-02       2.127921964080e+04 
       3.011048066541e-02       2.120161715128e+04 
       3.025380844383e-02       2.112387865355e+04 
       3.039747930712e-02       2.104601160537e+04 
       3.054150173058e-02       2.096802330626e+04 
       3.068588443725e-02       2.088992089484e+04 
       3.083063640679e-02       2.081171135218e+04 
       3.097576688479e-02       2.073340149959e+04 
       3.112128539240e-02       2.065499799874e+04 
       3.126720173656e-02       2.057650734946e+04 
       3.141352602051e-02       2.049793589309e+04 
       3.156026865497e-02       2.041928981025e+04 
       3.170744036971e-02       2.034057511755e+04 
       3.185505222570e-02       2.026179767132e+04 
       3.200311562792e-02       2.018296316568e+04 
       3.215164233866e-02       2.010407713207e+04 
       3.230064449154e-02       2.002514493657e+04 
       3.245013460623e-02       1.994617178260e+04 
       3.260012560386e-02       1.986716270842e+04 
       3.275063082322e-02       1.978812258531e+04 
       3.290166403776e-02       1.970905612009e+04 
       3.305323947351e-02       1.962996785043e+04 
       3.320537182786e-02       1.955086214716e+04 
       3.335807628937e-02       1.947174320934e+04 
       3.351136855859e-02       1.939261507033e+04 
       3.366526486999e-02       1.931348158837e+04 
       3.381978201513e-02       1.923434644949e+04 
       3.397493736699e-02       1.915521316572e+04 
       3.413074890570e-02       1.907608507440e+04 
       3.428723524573e-02       1.899696533554e+04 
       3.444441566449e-02       1.891785692953e+04 
       3.460231013273e-02       1.883876265813e+04 
       3.476093934648e-02       1.875968514099e+04 
       3.492032476105e-02       1.868062681103e+04 
       3.508048862688e-02       1.860158991727e+04 
       3.524145402757e-02       1.852257651863e+04 
       3.540324492025e-02       1.844358848498e+04 
       3.556588617829e-02       1.836462748926e+04 
       3.572940363679e-02       1.828569501076e+04 
       3.589382414076e-02       1.820679232735e+04 
       3.605917559643e-02       1.812792051404e+04 
       3.622548702584e-02       1.804908044125e+04 
       3.639278862490e-02       1.797027276546e+04 
       3.656111182534e-02       1.789149793174e+04 
       3.673048936066e-02       1.781275616827e+04 
       3.690095533666e-02       1.773404747643e+04 
       3.707254530660e-02       1.765537163109e+04 
       3.724529635174e-02       1.757672817429e+04 
       3.741924716732e-02       1.749811640751e+04 
       3.759443815478e-02       1.741953538905e+04 
       3.777091152058e-02       1.734098392398e+04 
       3.794871138214e-02       1.726246055728e+04 
       3.812788388173e-02       1.718396356880e+04 
       3.830847730880e-02       1.710549096389e+04 
       3.849054223170e-02       1.702704046339e+04 
       3.867413163950e-02       1.694860949409e+04 
       3.885930109497e-02       1.687019518127e+04 
       3.904610889969e-02       1.679179433367e+04 
       3.923461627254e-02       1.671340343483e+04 
       3.942488754277e-02       1.663501862437e+04 
       3.961699035922e-02       1.655663569383e+04 
       3.981099591720e-02       1.647825006394e+04 
       4.000697920493e-02       1.639985676701e+04 
       4.020501927147e-02       1.632145043521e+04 
       4.040519951858e-02       1.624302527722e+04 
       4.060760801885e-02       1.616457505556e+04 
       4.081233786320e-02       1.608609306662e+04 
       4.101948754083e-02       1.600757211644e+04 
       4.122916135545e-02       1.592900448767e+04 
       4.144146988179e-02       1.585038191289e+04 
       4.165653046735e-02       1.577169554424e+04 
       4.187446778448e-02       1.569293591164e+04 
       4.209541443927e-02       1.561409288688e+04 
       4.231951164394e-02       1.553515563888e+04 
       4.254690996099e-02       1.545611258166e+04 
       4.277777012832e-02       1.537695132609e+04 
       4.301226397582e-02       1.529765861815e+04 
       4.325057544582e-02       1.521822026887e+04 
       4.349290173166e-02       1.513862108424e+04 
       4.373945455062e-02       1.505884478632e+04 
       4.399046157073e-02       1.497887391029e+04 
       4.424616801361e-02       1.489868971103e+04 
       4.450683845965e-02       1.481827204051e+04 
       4.477275888649e-02       1.473759921356e+04 
       4.504423897691e-02       1.465664786315e+04 
       4.532161473926e-02       1.457539276515e+04 
       4.560525149142e-02       1.449380663884e+04 
       4.589554726896e-02       1.441185993089e+04 
       4.619293673019e-02       1.432952054501e+04 
       4.649789564530e-02       1.424675354936e+04 
       4.681094607456e-02       1.416352081915e+04 
       4.713266236270e-02       1.407978062871e+04 
       4.746367810382e-02       1.399548717053e+04 
       4.780469426525e-02       1.391058997381e+04 
       4.815648870104e-02       1.382503323178e+04 
       4.851992733928e-02       1.373875497500e+04 
       4.889597739402e-02       1.365168608651e+04 
       4.928572303787e-02       1.356374909050e+04 
       4.969038407823e-02       1.347485668428e+04 
       5.011133831711e-02       1.338490989861e+04 
       5.055014844835e-02       1.329379582374e+04 
       5.100859456803e-02       1.320138473128e+04 
       5.148871365637e-02       1.310752642434e+04 
       5.199284774779e-02       1.301204553563e+04 
       5.252370295664e-02       1.291473544081e+04 
       5.308442208484e-02       1.281535025734e+04 
       5.367867421146e-02       1.271359423774e+04 
       5.431076543885e-02       1.260910754426e+04 
       5.498577577709e-02       1.250144694819e+04 
       5.570972780720e-02       1.239005941572e+04 
       5.648979286014e-02       1.227424559499e+04 
       5.733453911250e-02       1.215310903388e+04 
       5.825422149922e-02       1.202548537938e+04 
       5.926110241238e-02       1.188984400657e+04 
       6.036976903038e-02       1.174415336073e+04 
       6.159736869111e-02       1.158570275691e+04 
       6.296360652703e-02       1.141088267207e+04 
       6.449023384040e-02       1.121495290553e+04 
       6.619962703273e-02       1.099188943004e+04 
       6.811202561409e-02       1.073450746792e+04 
       7.024130835103e-02       1.043517770378e+04 
       7.259010436211e-02       1.008744173199e+04 
       7.514633872659e-02       9.688455798921e+03 
       7.788373771063e-02       9.241433505070e+03 
       8.076698499025e-02       8.756736975386e+03 
       8.375912447970e-02       8.250777382213e+03 
       8.682760626408e-02       7.743158618953e+03 
       8.994710182899e-02       7.253322993035e+03 
       9.309954494399e-02       6.797799638378e+03 
       9.627278664310e-02       6.388534001205e+03 
       9.945896597097e-02       6.032274067894e+03 
       1.026531198608e-01       5.730754865842e+03 
       1.058521625438e-01       5.481376378283e+03 
       1.090541934808e-01       5.278120045951e+03 
       1.122580487981e-01       5.112538022166e+03 
       1.154630181549e-01       4.974736803098e+03 
       1.186686688296e-01       4.854333853154e+03 
       1.218747374534e-01       4.741378976728e+03 
       1.250810637555e-01       4.627208258431e+03 
       1.282875501564e-01       4.505161076455e+03 
       1.314941371767e-01       4.371068738121e+03 
       1.347007884883e-01       4.223437104861e+03 
       1.379074818332e-01       4.063294460065e+03 
       1.411142035094e-01       3.893742121648e+03 
       1.443209450225e-01       3.719301012652e+03 
       1.475277010527e-01       3.545174696200e+03 
       1.477104874446e-01       3.535367946325e+03 
       1.507344682192e-01       3.376543978067e+03 
       1.539412443303e-01       3.217979620289e+03 
       1.571480279262e-01       3.073022167370e+03 
       1.603548180016e-01       2.943942880226e+03 
       1.635616138356e-01       2.831673182122e+03 
       1.667684148883e-01       2.735873689866e+03 
       1.699752207373e-01       2.655107112256e+03 
       1.731820310379e-01       2.587079858368e+03 
       1.763888454990e-01       2.528922423017e+03 
       1.795956638678e-01       2.477484435719e+03 
       1.828024859199e-01       2.429743837773e+03 
       1.860093114526e-01       2.383263996633e+03 
       1.892161402814e-01       2.335071569811e+03 
       1.924229722361e-01       2.283376852787e+03 
       1.956298071595e-01       2.227192499230e+03 
       1.988366449054e-01       2.166383639980e+03 
       2.020434853374e-01       2.101600285962e+03 
       2.052503283283e-01       2.034097217703e+03 
       2.084571737585e-01       1.965482542090e+03 
       2.116640215164e-01       1.897455867116e+03 
       2.148708714966e-01       1.831591580575e+03 
       2.180777236006e-01       1.769197013901e+03 
       2.212845777351e-01       1.711244414961e+03 
       2.244914338125e-01       1.658353576007e+03 
       2.276982917502e-01       1.610798174662e+03 
       2.309051514700e-01       1.568518779966e+03 
       2.341120128984e-01       1.531141751062e+03 
       2.373188759654e-01       1.498014145397e+03 
       2.405257406052e-01       1.468265787032e+03 
       2.437326067553e-01       1.440900765200e+03 
       2.469394743564e-01       1.414907267910e+03 
       2.501463433524e-01       1.389365458198e+03 
       2.533532136900e-01       1.363531815041e+03 
       2.565600853186e-01       1.336886820776e+03 
       2.597669581900e-01       1.309145678414e+03 
       2.629738322585e-01       1.280242504202e+03 
       2.661807074806e-01       1.250301539431e+03 
       2.693875838149e-01       1.219604560351e+03 
       2.725944612218e-01       1.188555758034e+03 
       2.758013396637e-01       1.157640092869e+03 
       2.790082191048e-01       1.127371673529e+03 
       2.822150995108e-01       1.098234560932e+03 
       2.854219808490e-01       1.070625381054e+03 
       2.886288630881e-01       1.044810088178e+03 
       2.918357461983e-01       1.020904699126e+03 
       2.950426301510e-01       9.988821980809e+02 
       2.982495149189e-01       9.785996296674e+02 
       3.014564004758e-01       9.598342093284e+02 
       3.046632867968e-01       9.423174919247e+02 
       3.078701738577e-01       9.257613742266e+02 
       3.110770616357e-01       9.098761118789e+02 
       3.142839501085e-01       8.943849565163e+02 
       3.174908392552e-01       8.790402915401e+02 
       3.206977290553e-01       8.636427584143e+02 
       3.239046194894e-01       8.480598869889e+02 
       3.271115105386e-01       8.322380259870e+02 
       3.303184021851e-01       8.162019912012e+02 
       3.335252944115e-01       8.000413631662e+02 
       3.367321872012e-01       7.838873049485e+02 
       3.399390805381e-01       7.678873513932e+02 
       3.431459744069e-01       7.521848874080e+02 
       3.463528687926e-01       7.369068463499e+02 
       3.495597636810e-01       7.221584868472e+02 
       3.527666590583e-01       7.080213429745e+02 
       3.559735549113e-01       6.945504828401e+02 
       3.591804512272e-01       6.817697134743e+02 
       3.623873479935e-01       6.696666367842e+02 
       3.655942451985e-01       6.581912296970e+02 
       3.688011428306e-01       6.472609510476e+02 
       3.720080408787e-01       6.367726696445e+02 
       3.752149393321e-01       6.266184790040e+02 
       3.784218381804e-01       6.167006211112e+02 
       3.816287374137e-01       6.069412901175e+02 
       3.848356370224e-01       5.972856102040e+02 
       3.880425369969e-01       5.876991965831e+02 
       3.912494373284e-01       5.781636782430e+02 
       3.944563380081e-01       5.686734413014e+02 
       3.976632390275e-01       5.592349288229e+02 
       4.008701403784e-01       5.498674392761e+02 
       4.040770420530e-01       5.406029501754e+02 
       4.072839440434e-01       5.314828843604e+02 
       4.104908463424e-01       5.225515572459e+02 
       4.136977489427e-01       5.138481501384e+02 
       4.169046518373e-01       5.054001414178e+02 
       4.201115550195e-01       4.972205566894e+02 
       4.233184584826e-01       4.893095512354e+02 
       4.265253622204e-01       4.816587828215e+02 
       4.297322662267e-01       4.742559365095e+02 
       4.329391704954e-01       4.670871673609e+02 
       4.361460750208e-01       4.601368204007e+02 
       4.393529797973e-01       4.533855826165e+02 
       4.425598848192e-01       4.468091650961e+02 
       4.457667900814e-01       4.403792425903e+02 
       4.489736955787e-01       4.340669412362e+02 
       4.521806013060e-01       4.278475793204e+02 
       4.553875072585e-01       4.217045531354e+02 
       4.585944134314e-01       4.156306637282e+02 
       4.618013198201e-01       4.096265077724e+02 
       4.650082264201e-01       4.036971540911e+02 
       4.682151332272e-01       3.978488523249e+02 
       4.714220402369e-01       3.920874209755e+02 
       4.746289474453e-01       3.864186160599e+02 
       4.778358548483e-01       3.808495557591e+02 
       4.810427624421e-01       3.753896536553e+02 
       4.842496702227e-01       3.700498847826e+02 
       4.874565781865e-01       3.648403180229e+02 
       4.906634863299e-01       3.597669856065e+02 
       4.938703946494e-01       3.548296415862e+02 
       4.970773031415e-01       3.500215923285e+02 
       5.002842118030e-01       3.453316677073e+02 
       5.034911206306e-01       3.407473367729e+02 
       5.066980296211e-01       3.362574642287e+02 
       5.099049387714e-01       3.318535530435e+02 
       5.131118480786e-01       3.275292650385e+02 
       5.163187575397e-01       3.232789966566e+02 
       5.195256671518e-01       3.190967255182e+02 
       5.227325769122e-01       3.149760357134e+02 
       5.259394868182e-01       3.109113847084e+02 
       5.291463968670e-01       3.068998352484e+02 
       5.323533070561e-01       3.029421251172e+02 
       5.355602173830e-01       2.990423198679e+02 
       5.387671278452e-01       2.952060720990e+02 
       5.419740384402e-01       2.914383291187e+02 
       5.451809491658e-01       2.877416138749e+02 
       5.483878600197e-01       2.841156574764e+02 
       5.515947709995e-01       2.805583928443e+02 
       5.548016821031e-01       2.770675798544e+02 
       5.580085933284e-01       2.736420462165e+02 
       5.612155046733e-01       2.702818430820e+02 
       5.644224161357e-01       2.669873080692e+02 
       5.676293277137e-01       2.637576904208e+02 
       5.708362394052e-01       2.605902360504e+02 
       5.740431512084e-01       2.574803323217e+02 
       5.772500631214e-01       2.544226664566e+02 
       5.804569751424e-01       2.514127594885e+02 
       5.836638872696e-01       2.484480331013e+02 
       5.868707995012e-01       2.455278600135e+02 
       5.900777118356e-01       2.426526512474e+02 
       5.932846242710e-01       2.398225789663e+02 
       5.964915368059e-01       2.370367091698e+02 
       5.996984494386e-01       2.342930316337e+02 
       6.029053621676e-01       2.315893245592e+02 
       6.061122749913e-01       2.289242796948e+02 
       6.093191879083e-01       2.262981819436e+02 
       6.125261009170e-01       2.237127093247e+02 
       6.157330140161e-01       2.211699473602e+02 
       6.189399272041e-01       2.186711703525e+02 
       6.221468404797e-01       2.162160627629e+02 
       6.253537538414e-01       2.138027880010e+02 
       6.285606672880e-01       2.114288145904e+02 
       6.317675808182e-01       2.090919921700e+02 
       6.349744944307e-01       2.067912486732e+02 
       6.381814081243e-01       2.045265427296e+02 
       6.413883218977e-01       2.022981577102e+02 
       6.445952357498e-01       2.001058102111e+02 
       6.478021496793e-01       1.979481314707e+02 
       6.510090636852e-01       1.958228411599e+02 
       6.542159777663e-01       1.937275102608e+02 
       6.574228919215e-01       1.916604600582e+02 
       6.606298061497e-01       1.896212668738e+02 
       6.638367204499e-01       1.876105922744e+02 
       6.670436348210e-01       1.856294516327e+02 
       6.702505492620e-01       1.836783558721e+02 
       6.734574637719e-01       1.817568162989e+02 
       6.766643783497e-01       1.798634797242e+02 
       6.798712929945e-01       1.779967794864e+02 
       6.830782077053e-01       1.761556891795e+02 
       6.862851224811e-01       1.743401276073e+02 
       6.894920373212e-01       1.725507837572e+02 
       6.926989522245e-01       1.707884727381e+02 
       6.959058671902e-01       1.690534148252e+02 
       6.991127822175e-01       1.673448618654e+02 
       7.023196973054e-01       1.656612774481e+02 
       7.055266124532e-01       1.640009522067e+02 
       7.087335276601e-01       1.623626888391e+02 
       7.119404429252e-01       1.607461573318e+02 
       7.151473582478e-01       1.591517331112e+02 
       7.183542736271e-01       1.575799396898e+02 
       7.215611890623e-01       1.560308364554e+02 
       7.247681045527e-01       1.545037214127e+02 
       7.279750200976e-01       1.529973150002e+02 
       7.311819356962e-01       1.515102997689e+02 
       7.343888513479e-01       1.500418902192e+02 
       7.375957670519e-01       1.485920939005e+02 
       7.408026828076e-01       1.471615106913e+02 
       7.440095986143e-01       1.457508055800e+02 
       7.472165144713e-01       1.443601606200e+02 
       7.504234303780e-01       1.429890244342e+02 
       7.536303463337e-01       1.416363017196e+02 
       7.568372623379e-01       1.403008443384e+02 
       7.600441783899e-01       1.389819549266e+02 
       7.632510944891e-01       1.376796105086e+02 
       7.664580106349e-01       1.363942721987e+02 
       7.696649268268e-01       1.351264230078e+02 
       7.728718430641e-01       1.338761038256e+02 
       7.760787593463e-01       1.326427193442e+02 
       7.792856756728e-01       1.314252355698e+02 
       8.598186850907e-01       1.053210246425e+02 
       9.813509007272e-01       7.792829853314e+01 
       1.178367767103e+00       5.104370362326e+01 
       1.477104874446e+00       2.999209889564e+01 
