# Matter power spectrum P(k) at redshift z=0
# for k=9.61529e-06 to 1.6926 h/Mpc,
# number of wavenumbers equal to 561
#    1:k (h/Mpc)              2:P (Mpc/h)^3        
       9.615289314261e-06       3.385211332288e+01 
       2.210241504938e-05       7.523690927025e+01 
       3.462952207976e-05       1.158644066869e+02 
       4.722827817142e-05       1.561463618100e+02 
       5.993083287521e-05       1.963433912677e+02 
       7.277008699438e-05       2.366381423262e+02 
       8.577997003648e-05       2.771897098096e+02 
       9.899572913899e-05       3.181143178458e+02 
       1.124542329852e-04       3.595518280775e+02 
       1.261942942575e-04       7.481391739830e+02 
       1.402570141915e-04       4.450321670928e+02 
       1.546861527659e-04       4.884551087522e+02 
       1.695285279609e-04       5.333420226397e+02 
       1.848344472853e-04       5.794658998214e+02 
       2.006581743492e-04       6.270264736524e+02 
       2.170584325569e-04       6.760877452645e+02 
       2.340989468963e-04       1.358936697540e+03 
       2.518490231684e-04       7.796023135645e+02 
       2.703841616362e-04       8.347694204722e+02 
       2.897866987660e-04       8.922228113587e+02 
       3.101464662090e-04       9.517836206195e+02 
       3.315614501420e-04       1.014665395774e+03 
       3.541384262438e-04       1.080421645441e+03 
       3.779935356867e-04       1.149699487592e+03 
       4.032527554222e-04       1.222591917480e+03 
       4.300522018737e-04       1.299930600349e+03 
       4.585381914667e-04       1.381577746315e+03 
       4.888669654589e-04       1.471496664013e+03 
       5.212039724600e-04       1.563491182345e+03 
       5.557225931970e-04       1.661131760431e+03 
       5.926021931213e-04       1.764985415340e+03 
       6.320254050234e-04       1.875104281803e+03 
       6.741745818026e-04       1.992403976511e+03 
       7.192274235036e-04       2.116862494707e+03 
       7.673518735920e-04       2.248670355143e+03 
       8.187004918070e-04       2.388234734949e+03 
       8.734046310064e-04       2.535884713722e+03 
       9.315688509080e-04       2.691181394414e+03 
       9.932660650875e-04       2.854916604531e+03 
       1.058533913473e-03       3.025843952091e+03 
       1.127372766567e-03       3.204882476887e+03 
       1.199745604644e-03       3.390879381784e+03 
       1.275579801549e-03       3.583577132613e+03 
       1.354770620716e-03       3.782348664758e+03 
       1.437186045845e-03       3.986395009240e+03 
       1.522672454978e-03       4.196876121508e+03 
       1.611060618405e-03       4.410070054269e+03 
       1.702171549975e-03       4.628331024503e+03 
       1.795821844171e-03       4.846518495729e+03 
       1.891828258114e-03       5.068508076194e+03 
       1.990011421758e-03       5.291409479669e+03 
       2.090198662910e-03       5.564843887142e+03 
       2.192226008063e-03       5.776769052312e+03 
       2.295939464836e-03       6.005285859201e+03 
       2.401195711727e-03       6.226254813664e+03 
       2.507862322561e-03       6.449909812877e+03 
       2.615817642946e-03       6.730091300191e+03 
       2.724950419979e-03       7.379806707544e+03 
       2.835159268137e-03       7.262882518676e+03 
       2.946352036528e-03       7.311672298276e+03 
       3.058445126759e-03       7.906817211462e+03 
       3.171362797270e-03       7.730036042026e+03 
       3.285036479181e-03       7.931566788699e+03 
       3.399404120263e-03       1.501752259091e+04 
       3.514409567338e-03       1.452534559108e+04 
       3.630001992702e-03       1.407865518485e+04 
       3.746135366920e-03       1.368465150752e+04 
       3.862767978008e-03       1.334524832010e+04 
       3.979861995550e-03       1.305884011461e+04 
       4.097383077341e-03       1.282185470871e+04 
       4.215300015626e-03       1.262975488760e+04 
       4.333584419770e-03       1.247769165955e+04 
       4.452210432105e-03       1.236089375783e+04 
       4.571154473832e-03       1.227487256995e+04 
       4.690395017961e-03       1.221551807816e+04 
       4.809912386510e-03       1.217917410337e+04 
       4.929688569375e-03       1.216260929978e+04 
       5.049707062539e-03       2.001629951984e+04 
       5.169952723508e-03       1.953745800467e+04 
       5.290411642055e-03       1.904002446826e+04 
       5.411071024589e-03       1.857520303882e+04 
       5.531919090623e-03       1.814680027170e+04 
       5.652944979992e-03       1.775554014627e+04 
       5.774138669634e-03       1.740101130773e+04 
       5.895490898864e-03       1.708160811301e+04 
       6.016993102204e-03       1.679678735290e+04 
       6.138637348946e-03       1.654262460766e+04 
       6.260416288707e-03       1.631751588441e+04 
       6.382323102321e-03       1.611969223577e+04 
       6.504351457505e-03       1.594623273247e+04 
       6.626495468783e-03       1.579449510211e+04 
       6.748749661210e-03       1.566317251704e+04 
       6.871108937515e-03       1.554914977236e+04 
       6.993568548288e-03       1.545282803589e+04 
       7.116124064907e-03       1.537014174726e+04 
       7.238771354934e-03       1.530066708642e+04 
       7.361506559706e-03       1.524292900061e+04 
       7.484326073929e-03       1.519541468808e+04 
       7.607226527060e-03       1.515711505109e+04 
       7.730204766303e-03       1.512709816396e+04 
       7.853257841075e-03       1.510425057765e+04 
       7.976382988781e-03       1.508770324948e+04 
       8.099577621794e-03       1.507691307340e+04 
       8.222839315512e-03       1.507149456374e+04 
       8.346165797397e-03       1.507031129889e+04 
       8.469554936914e-03       1.507279866842e+04 
       8.593004736273e-03       1.507870203649e+04 
       8.716513321910e-03       1.508764710707e+04 
       8.840078936643e-03       1.509869832036e+04 
       8.963699932446e-03       1.511224731590e+04 
       9.087374763770e-03       1.512730114174e+04 
       9.211101981391e-03       1.514415338053e+04 
       9.334880226713e-03       1.516207673499e+04 
       9.458708226509e-03       1.518104865989e+04 
       9.582584788055e-03       1.520085022163e+04 
       9.706508794615e-03       1.522111026323e+04 
       9.830479201269e-03       1.524180440414e+04 
       9.954495031042e-03       1.526294112134e+04 
       1.007855537131e-02       1.528420551119e+04 
       1.020265937046e-02       1.530515703119e+04 
       1.032680623481e-02       1.532609895351e+04 
       1.045099522574e-02       1.534707145914e+04 
       1.057522565697e-02       1.536742391984e+04 
       1.069949689214e-02       1.538744362279e+04 
       1.082380834247e-02       1.540700402450e+04 
       1.094815946461e-02       1.542609590191e+04 
       1.107254975863e-02       1.544434047096e+04 
       1.119697876620e-02       1.546204199199e+04 
       1.132144606880e-02       1.547896211972e+04 
       1.144595128616e-02       1.549520986213e+04 
       1.157049407473e-02       1.551053950813e+04 
       1.169507412628e-02       1.552490478888e+04 
       1.181969116662e-02       1.553871353344e+04 
       1.194434495439e-02       1.555146376022e+04 
       1.206903527991e-02       1.556345272133e+04 
       1.219376196415e-02       1.557424410650e+04 
       1.231852485777e-02       1.558443911161e+04 
       1.244332384018e-02       1.559311115734e+04 
       1.256815881876e-02       1.560126685094e+04 
       1.269302972804e-02       1.560814310658e+04 
       1.281793652897e-02       1.561459610078e+04 
       1.294287920831e-02       1.561943524346e+04 
       1.306785777796e-02       1.562324263663e+04 
       1.319287227444e-02       1.562654520615e+04 
       1.331792275834e-02       1.562829856190e+04 
       1.344300931384e-02       1.562930514279e+04 
       1.356813204831e-02       1.562931154152e+04 
       1.369329109185e-02       1.562807016671e+04 
       1.381848659701e-02       1.562647508341e+04 
       1.394371873838e-02       1.562303812124e+04 
       1.406898771237e-02       1.561886553402e+04 
       1.419429373688e-02       1.561378086094e+04 
       1.431963705114e-02       1.560756349256e+04 
       1.444501791543e-02       1.560058675935e+04 
       1.457043661099e-02       1.559245060686e+04 
       1.469589343978e-02       1.558350791071e+04 
       1.482138872443e-02       1.557344325882e+04 
       1.494692280812e-02       1.556261955048e+04 
       1.507249605447e-02       1.555065923801e+04 
       1.519810884754e-02       1.553784903574e+04 
       1.532376159176e-02       1.552415133833e+04 
       1.544945471195e-02       2.855698891061e+04 
       1.557518865330e-02       1.549384607347e+04 
       1.570096388145e-02       1.547780997667e+04 
       1.582678088246e-02       1.546004392148e+04 
       1.595264016299e-02       1.544196722622e+04 
       1.607854225027e-02       1.542270543777e+04 
       1.620448769231e-02       1.540274612031e+04 
       1.633047705797e-02       1.538189721636e+04 
       1.645651093709e-02       1.536021095806e+04 
       1.658258994070e-02       1.533814651788e+04 
       1.670871470117e-02       1.531464507774e+04 
       1.683488587240e-02       1.529046842469e+04 
       1.696110413003e-02       1.526557025673e+04 
       1.708737017168e-02       1.523994418225e+04 
       1.721368471720e-02       1.521365630093e+04 
       1.734004850890e-02       1.518639360082e+04 
       1.746646231186e-02       1.515848056601e+04 
       1.759292691420e-02       1.512988807424e+04 
       1.771944312741e-02       1.510054592740e+04 
       1.784601178666e-02       1.507046806020e+04 
       1.797263375117e-02       1.503975167607e+04 
       1.809930990451e-02       1.500832859250e+04 
       1.822604115505e-02       1.497658937198e+04 
       1.835282843631e-02       1.494354552916e+04 
       1.847967270737e-02       1.491008087650e+04 
       1.860657495332e-02       1.487604230318e+04 
       1.873353618570e-02       1.484148907859e+04 
       1.886055744293e-02       1.480617235787e+04 
       1.898763979082e-02       1.477036334217e+04 
       1.911478432310e-02       1.473384574161e+04 
       1.924199216185e-02       1.469684908352e+04 
       1.936926445811e-02       1.465945245579e+04 
       1.949660239244e-02       1.462106709761e+04 
       1.962400717541e-02       1.458239606111e+04 
       1.975148004829e-02       1.454308034817e+04 
       1.987902228363e-02       1.450321875187e+04 
       2.000663518586e-02       1.446310956855e+04 
       2.013432009200e-02       1.442237822663e+04 
       2.026207837233e-02       1.438111713521e+04 
       2.038991143104e-02       1.433939530747e+04 
       2.051782070703e-02       1.429716027533e+04 
       2.064580767460e-02       1.425444546723e+04 
       2.077387384423e-02       1.421148140724e+04 
       2.090202076340e-02       1.416789410449e+04 
       2.103025001740e-02       1.412393526845e+04 
       2.115856323016e-02       1.407959813287e+04 
       2.128696206515e-02       1.403477639427e+04 
       2.141544822626e-02       1.398964386921e+04 
       2.154402345875e-02       1.394408889235e+04 
       2.167268955018e-02       1.389815914977e+04 
       2.180144833143e-02       1.385189340149e+04 
       2.193030167773e-02       1.380520659052e+04 
       2.205925150964e-02       1.375817751768e+04 
       2.218829979423e-02       1.371085488412e+04 
       2.231744854614e-02       1.366317070282e+04 
       2.244669982875e-02       1.361522939048e+04 
       2.257605575538e-02       1.356695424056e+04 
       2.270551849049e-02       1.351836245514e+04 
       2.283509025100e-02       1.346948281828e+04 
       2.296477330754e-02       1.342036735929e+04 
       2.309456998585e-02       1.337097825712e+04 
       2.322448266813e-02       1.332130949196e+04 
       2.335451379451e-02       1.327139337799e+04 
       2.348466586451e-02       1.322119821333e+04 
       2.361494143858e-02       1.317083549360e+04 
       2.374534313971e-02       1.312015807293e+04 
       2.387587365500e-02       1.306930682793e+04 
       2.400653573740e-02       1.301826681098e+04 
       2.413733220743e-02       1.296702515289e+04 
       2.426826595497e-02       1.291554992432e+04 
       2.439933994113e-02       1.286392761503e+04 
       2.453055720019e-02       1.281211091160e+04 
       2.466192084152e-02       1.276008191791e+04 
       2.479343405170e-02       1.270796426308e+04 
       2.492510009660e-02       1.265565908300e+04 
       2.505692232358e-02       1.260319096475e+04 
       2.518890416377e-02       1.255061535361e+04 
       2.532104913437e-02       1.249787761488e+04 
       2.545336084116e-02       1.244499516157e+04 
       2.558584298090e-02       1.239204543168e+04 
       2.571849934404e-02       1.233897135184e+04 
       2.585133381730e-02       1.228576853120e+04 
       2.598435038654e-02       1.223246686623e+04 
       2.611755313962e-02       1.217914250608e+04 
       2.625094626935e-02       1.212566864772e+04 
       2.638453407664e-02       1.207214128372e+04 
       2.651832097366e-02       1.201854330644e+04 
       2.665231148720e-02       1.196483522498e+04 
       2.678651026210e-02       1.191112203290e+04 
       2.692092206483e-02       1.185733738848e+04 
       2.705555178721e-02       1.180349688658e+04 
       2.719040445024e-02       1.174961561612e+04 
       2.732548520811e-02       1.169573405463e+04 
       2.746079935234e-02       1.164180420910e+04 
       2.759635231610e-02       1.158783415014e+04 
       2.773214967868e-02       1.153384770749e+04 
       2.786819717013e-02       1.147988916729e+04 
       2.800450067613e-02       1.142583970302e+04 
       2.814106624295e-02       1.137185019049e+04 
       2.827790008276e-02       1.131782713524e+04 
       2.841500857900e-02       1.126387316412e+04 
       2.855239829208e-02       1.120990047491e+04 
       2.869007596527e-02       1.115594418888e+04 
       2.882804853081e-02       1.110197694548e+04 
       2.896632311632e-02       1.104802680954e+04 
       2.910490705148e-02       1.099416810755e+04 
       2.924380787492e-02       1.094033316499e+04 
       2.938303334153e-02       1.088651473205e+04 
       2.952259142996e-02       1.083275254362e+04 
       2.966249035050e-02       1.077901131675e+04 
       2.980273855336e-02       1.072537006562e+04 
       2.994334473721e-02       1.067173053450e+04 
       3.008431785818e-02       1.061820222052e+04 
       3.022566713922e-02       1.056472208214e+04 
       3.036740207993e-02       1.051130523167e+04 
       3.050953246681e-02       1.045794194547e+04 
       3.065206838400e-02       1.040470012686e+04 
       3.079502022449e-02       1.035147731494e+04 
       3.093839870190e-02       1.029838079276e+04 
       3.108221486282e-02       1.024535586556e+04 
       3.122648009971e-02       1.019245092956e+04 
       3.137120616444e-02       1.013954520300e+04 
       3.151640518252e-02       1.008680626459e+04 
       3.166208966802e-02       1.003413992628e+04 
       3.180827253918e-02       9.981559602413e+03 
       3.195496713493e-02       9.929070891521e+03 
       3.210218723215e-02       9.876695617832e+03 
       3.224994706382e-02       9.824437809964e+03 
       3.239826133821e-02       9.772285915945e+03 
       3.254714525898e-02       9.720262128194e+03 
       3.269661454641e-02       9.668312652013e+03 
       3.284668545970e-02       9.616513152105e+03 
       3.299737482062e-02       9.564813338970e+03 
       3.314870003825e-02       9.513243198295e+03 
       3.330067913533e-02       9.461790280295e+03 
       3.345333077588e-02       9.410419714888e+03 
       3.360667429453e-02       9.359227441203e+03 
       3.376072972747e-02       1.285467596948e+04 
       3.391551784520e-02       9.257148482814e+03 
       3.407106018720e-02       9.206305989651e+03 
       3.422737909871e-02       9.155618927372e+03 
       3.438449776963e-02       9.105028182960e+03 
       3.454244027588e-02       9.054579494781e+03 
       3.470123162322e-02       9.004255624324e+03 
       3.486089779386e-02       8.954048991039e+03 
       3.502146579600e-02       8.903980908566e+03 
       3.518296371647e-02       8.854086945981e+03 
       3.534542077689e-02       8.804273308832e+03 
       3.550886739338e-02       8.754627532782e+03 
       3.567333524029e-02       8.705090783801e+03 
       3.583885731822e-02       1.282718511719e+04 
       3.600546802665e-02       8.606443116270e+03 
       3.617320324156e-02       8.557311934947e+03 
       3.634210039848e-02       8.508338475516e+03 
       3.651219858146e-02       8.459483566647e+03 
       3.668353861835e-02       8.410746039244e+03 
       3.685616318312e-02       8.362171095901e+03 
       3.703011690559e-02       1.429500501766e+04 
       3.720544648954e-02       8.265392675950e+03 
       3.738220083965e-02       1.205242084552e+04 
       3.756043119834e-02       8.169123651053e+03 
       3.774019129319e-02       8.121206620656e+03 
       3.792153749623e-02       8.073396545768e+03 
       3.810452899590e-02       8.025710756444e+03 
       3.828922798322e-02       1.256339828807e+04 
       3.847569985341e-02       7.930721646331e+03 
       3.866401342449e-02       7.883455424510e+03 
       3.885424117478e-02       7.836241385329e+03 
       3.904645950101e-02       1.143259427145e+04 
       3.924074899943e-02       7.742239309092e+03 
       3.943719477223e-02       7.695383679368e+03 
       3.963588676215e-02       7.648657852072e+03 
       3.983692011837e-02       1.171152274585e+04 
       4.004039559712e-02       7.555533292666e+03 
       4.024642000118e-02       7.509112559480e+03 
       4.045510666264e-02       7.462819194630e+03 
       4.066657597422e-02       7.416603154095e+03 
       4.088095597496e-02       1.095529464238e+04 
       4.109838299697e-02       7.324490422564e+03 
       4.131900238112e-02       7.278541176817e+03 
       4.154296927026e-02       1.047477058841e+04 
       4.177044949041e-02       7.186907513706e+03 
       4.200162053145e-02       7.141187914638e+03 
       4.223667264111e-02       1.092539620396e+04 
       4.247581004784e-02       8.356559996786e+03 
       4.271925233106e-02       7.004464207710e+03 
       4.296723596025e-02       6.959024997511e+03 
       4.322001602772e-02       6.913581063227e+03 
       4.347786820490e-02       6.868215130483e+03 
       4.374109095655e-02       6.822882392798e+03 
       4.401000805404e-02       6.777545347144e+03 
       4.428497143652e-02       6.732244539560e+03 
       4.456636447774e-02       6.686941222692e+03 
       4.485460572798e-02       6.641658064846e+03 
       4.515015321420e-02       6.596332038495e+03 
       4.545350939845e-02       6.550998922696e+03 
       4.576522691579e-02       6.505623332718e+03 
       4.608591523863e-02       8.507535244136e+03 
       4.641624844689e-02       6.414714719691e+03 
       4.675697432364e-02       1.034262043217e+04 
       4.710892504632e-02       1.039595791051e+04 
       4.747302980742e-02       6.277711011390e+03 
       4.785032977873e-02       6.231795174414e+03 
       4.824199593521e-02       6.995421104685e+03 
       4.864935038417e-02       1.052478255653e+04 
       4.907389201026e-02       6.092952737759e+03 
       4.951732745733e-02       7.185217326938e+03 
       4.998160873604e-02       5.999113879355e+03 
       5.046897908619e-02       7.554004137275e+03 
       5.098202915084e-02       5.903838528714e+03 
       5.152376605121e-02       5.855446534180e+03 
       5.209769859457e-02       5.806485760777e+03 
       5.270794259214e-02       5.756775803807e+03 
       5.335935105013e-02       5.706147214604e+03 
       5.405767466520e-02       5.654398781140e+03 
       5.480975823308e-02       5.601285905565e+03 
       5.562377748005e-02       5.546408645084e+03 
       5.650951687802e-02       7.637665683844e+03 
       5.747867922071e-02       5.429015981574e+03 
       5.854519681440e-02       5.364831627531e+03 
       5.972547355628e-02       5.295292041054e+03 
       6.103841585826e-02       5.545416539200e+03 
       6.250500140621e-02       5.131768924707e+03 
       6.414700802701e-02       5.669790066105e+03 
       6.598447639763e-02       4.913720146079e+03 
       6.803173464011e-02       4.773100460678e+03 
       7.029264093579e-02       4.605214644728e+03 
       7.275696649300e-02       4.580005714098e+03 
       7.540041816703e-02       4.180626195012e+03 
       7.818925118324e-02       4.043356162769e+03 
       8.108740674837e-02       3.666111491794e+03 
       8.406264541649e-02       3.399785478848e+03 
       8.708960988930e-02       3.143298517905e+03 
       9.015007899482e-02       2.921702349096e+03 
       9.323173904539e-02       2.708830035404e+03 
       9.632659710431e-02       2.519419233363e+03 
       9.942959661104e-02       2.373428236938e+03 
       1.025375897165e-01       3.526804496376e+03 
       1.056486361362e-01       2.169042067516e+03 
       1.087615470827e-01       3.192336187001e+03 
       1.118755967903e-01       2.050720529992e+03 
       1.149903430546e-01       2.012120152466e+03 
       1.181055166994e-01       1.971310387694e+03 
       1.212209539028e-01       2.782098094580e+03 
       1.243365549142e-01       2.598786821791e+03 
       1.274522589247e-01       1.833107664557e+03 
       1.305680287892e-01       2.277147904859e+03 
       1.336838417456e-01       2.337676557414e+03 
       1.367996837782e-01       1.621190602318e+03 
       1.399155461953e-01       1.730676857450e+03 
       1.430314235507e-01       1.621076773239e+03 
       1.461473123816e-01       1.371717565227e+03 
       1.492632104406e-01       1.295450892104e+03 
       1.523791162296e-01       1.226503565691e+03 
       1.554950287154e-01       1.242394518172e+03 
       1.586109471562e-01       1.115560613629e+03 
       1.617268709956e-01       1.073589035587e+03 
       1.648427997972e-01       1.040344442762e+03 
       1.679587332052e-01       1.013893583458e+03 
       1.710746709184e-01       1.059426244536e+03 
       1.741906126751e-01       1.014427366760e+03 
       1.773065582429e-01       9.607644959797e+02 
       1.804225074120e-01       9.458410344102e+02 
       1.835384599911e-01       9.296343063264e+02 
       1.866544158040e-01       9.666130879918e+02 
       1.897703746877e-01       9.076373223426e+02 
       1.928863364909e-01       8.705257341143e+02 
       1.960023010722e-01       8.506325550051e+02 
       1.991182682998e-01       8.070658534129e+02 
       2.022342380500e-01       7.873155467947e+02 
       2.053502102070e-01       7.458544519416e+02 
       2.084661846618e-01       7.157605381069e+02 
       2.115821613123e-01       6.875111647840e+02 
       2.146981400620e-01       6.614765673703e+02 
       2.178141208202e-01       6.456958363096e+02 
       2.209301035013e-01       6.175034235416e+02 
       2.240460880244e-01       5.999021948703e+02 
       2.271620743134e-01       5.850360179481e+02 
       2.302780622960e-01       5.724864391150e+02 
       2.333940519039e-01       5.617313519185e+02 
       2.365100430724e-01       5.522535799944e+02 
       2.396260357404e-01       5.434378168558e+02 
       2.427420298496e-01       5.347526124805e+02 
       2.458580253450e-01       5.257579135072e+02 
       2.489740221742e-01       5.161355175628e+02 
       2.520900202873e-01       5.056931160968e+02 
       2.552060196372e-01       4.943693615064e+02 
       2.583220201787e-01       4.822245071476e+02 
       2.614380218690e-01       4.694251372648e+02 
       2.645540246673e-01       4.562285682297e+02 
       2.676700285347e-01       4.429443455595e+02 
       2.707860334340e-01       4.298959913107e+02 
       2.739020393298e-01       4.173771811708e+02 
       2.770180461884e-01       4.056205717402e+02 
       2.801340539773e-01       3.947765406937e+02 
       2.832500626658e-01       3.849164296704e+02 
       2.863660722243e-01       3.760306557316e+02 
       2.894820826245e-01       3.680568005739e+02 
       2.925980938395e-01       3.608866747896e+02 
       2.957141058434e-01       3.543804948194e+02 
       2.988301186112e-01       3.483755838098e+02 
       3.019461321193e-01       3.426988268743e+02 
       3.050621463449e-01       3.371770308386e+02 
       3.081781612661e-01       3.316534951944e+02 
       3.112941768619e-01       3.260079524079e+02 
       3.144101931121e-01       3.201655004418e+02 
       3.175262099974e-01       3.140987922202e+02 
       3.206422274992e-01       3.078255907052e+02 
       3.237582455995e-01       3.013969296666e+02 
       3.268742642813e-01       2.948841878524e+02 
       3.299902835279e-01       2.883712371317e+02 
       3.331063033234e-01       2.819407878879e+02 
       3.362223236525e-01       2.756754609805e+02 
       3.393383445005e-01       2.696503081223e+02 
       3.424543658530e-01       2.639245914000e+02 
       3.455703876964e-01       2.585394993339e+02 
       3.486864100175e-01       2.535112032884e+02 
       3.518024328035e-01       2.488285078727e+02 
       3.549184560421e-01       2.444576795567e+02 
       3.580344797214e-01       2.403477548892e+02 
       3.611505038301e-01       2.364425224104e+02 
       3.642665283570e-01       2.326864190530e+02 
       3.673825532914e-01       2.290299667867e+02 
       3.704985786230e-01       2.254325687986e+02 
       3.736146043419e-01       2.218603767690e+02 
       3.767306304383e-01       2.182881859671e+02 
       3.798466569030e-01       2.146978547720e+02 
       3.829626837270e-01       2.110827974262e+02 
       3.860787109014e-01       2.074467996174e+02 
       3.891947384179e-01       2.038051512697e+02 
       3.923107662683e-01       2.001816455272e+02 
       3.954267944446e-01       1.966039306843e+02 
       3.985428229391e-01       1.930960267312e+02 
       4.016588517445e-01       1.896793365321e+02 
       4.047748808535e-01       1.863678662974e+02 
       4.078909102592e-01       1.831709996486e+02 
       4.110069399547e-01       1.800948659394e+02 
       4.141229699335e-01       1.771429172336e+02 
       4.172390001893e-01       1.743152740097e+02 
       4.203550307158e-01       1.716071595261e+02 
       4.234710615070e-01       1.690083695142e+02 
       4.265870925572e-01       1.665029881822e+02 
       4.297031238606e-01       1.640717635453e+02 
       4.328191554118e-01       1.616956425150e+02 
       4.359351872055e-01       1.593576623282e+02 
       4.390512192364e-01       1.570459351931e+02 
       4.421672514996e-01       1.547537942806e+02 
       4.452832839901e-01       1.524770859711e+02 
       4.483993167032e-01       1.502148739357e+02 
       4.515153496343e-01       1.479668020582e+02 
       4.546313827788e-01       1.457352215126e+02 
       4.577474161324e-01       1.435247534674e+02 
       4.608634496909e-01       1.413429057909e+02 
       4.639794834501e-01       1.391993865819e+02 
       4.670955174059e-01       1.371041824989e+02 
       4.702115515545e-01       1.350650431998e+02 
       4.733275858919e-01       1.330874512306e+02 
       4.764436204146e-01       1.311719288989e+02 
       4.795596551189e-01       1.293147459636e+02 
       4.826756900013e-01       1.275104275865e+02 
       4.857917250582e-01       1.257586220382e+02 
       4.889077602864e-01       1.240505298787e+02 
       4.920237956827e-01       1.223834978616e+02 
       4.951398312437e-01       1.207528725479e+02 
       4.982558669665e-01       1.191533271703e+02 
       5.013719028479e-01       1.175791375056e+02 
       5.044879388851e-01       1.160251811406e+02 
       5.076039750752e-01       1.144880720964e+02 
       5.107200114154e-01       1.129669247618e+02 
       5.138360479028e-01       1.114632474109e+02 
       5.169520845350e-01       1.099794537229e+02 
       5.200681213091e-01       1.085176882828e+02 
       5.231841582228e-01       1.070807446037e+02 
       5.263001952735e-01       1.056676749177e+02 
       5.294162324587e-01       1.042794057695e+02 
       5.325322697762e-01       1.029159681491e+02 
       5.356483072236e-01       1.015787240389e+02 
       5.387643447986e-01       1.002692662595e+02 
       5.418803824991e-01       9.898907371570e+01 
       5.449964203228e-01       9.773841025186e+01 
       5.481124582677e-01       9.651633811716e+01 
       5.512284963317e-01       9.532034333275e+01 
       5.543445345128e-01       9.414775037563e+01 
       5.574605728091e-01       9.299632077520e+01 
       5.605766112185e-01       9.186444877474e+01 
       5.636926497393e-01       9.075160262279e+01 
       5.668086883695e-01       8.965739693501e+01 
       5.699247271074e-01       8.858073084987e+01 
       5.730407659512e-01       8.752048516799e+01 
       5.761568048992e-01       8.647479695855e+01 
       5.792728439497e-01       8.544229430708e+01 
       6.096559667325e-01       7.616569911737e+01 
       6.449211159898e-01       6.714245502825e+01 
       6.872137980360e-01       5.814297713830e+01 
       7.403333989776e-01       4.907131912415e+01 
       8.116188539717e-01       3.972978112294e+01 
       9.163502145071e-01       2.997946154064e+01 
       1.084474877497e+00       2.018089992615e+01 
       1.345478954928e+00       1.206445435603e+01 
       1.692597012246e+00       6.916577500330e+00 
