# Matter power spectrum P(k) at redshift z=0
# for k=9.61529e-06 to 1.69335 h/Mpc,
# number of wavenumbers equal to 561
#    1:k (h/Mpc)              2:P (Mpc/h)^3        
       9.615289314261e-06       7.318890362511e+01 
       2.210531212220e-05       1.635774697488e+02 
       3.463533841937e-05       2.519593095248e+02 
       4.723705806630e-05       3.396068470030e+02 
       5.994264321995e-05       4.269987675711e+02 
       7.278501811546e-05       5.146007474473e+02 
       8.579813684444e-05       6.028112246955e+02 
       9.901727262502e-05       6.918403027827e+02 
       1.124793220856e-04       7.819677645787e+02 
       1.262231281156e-04       8.736749352279e+02 
       1.402898248511e-04       9.669172358378e+02 
       1.547232083380e-04       1.062266410446e+03 
       1.695701363081e-04       1.159872013495e+03 
       1.848809602747e-04       1.260219960368e+03 
       2.007099927258e-04       1.363040500205e+03 
       2.171160114921e-04       1.470279782922e+03 
       2.341628022635e-04       1.579986422818e+03 
       2.519197385888e-04       1.694784548591e+03 
       2.704623963270e-04       1.813653811769e+03 
       2.898731961968e-04       1.936714963723e+03 
       3.102420635374e-04       2.068090455112e+03 
       3.316670883447e-04       2.202972010289e+03 
       3.542551607839e-04       2.346180954477e+03 
       3.781225474562e-04       2.497759898318e+03 
       4.033953615624e-04       2.654563764789e+03 
       4.302098659110e-04       2.822750394573e+03 
       4.587125319967e-04       3.001422701210e+03 
       4.890597623890e-04       3.187199552611e+03 
       5.214171695842e-04       3.386562425283e+03 
       5.559582956727e-04       3.598038644901e+03 
       5.928626582850e-04       3.823087994399e+03 
       6.323130249938e-04       4.061778365882e+03 
       6.744918565497e-04       4.315546109811e+03 
       7.195769235854e-04       4.584956933406e+03 
       7.677361926121e-04       4.869411095221e+03 
       8.191221898140e-04       5.171577939810e+03 
       8.738661714148e-04       5.491059049632e+03 
       9.320725348620e-04       5.828307841488e+03 
       9.938139682176e-04       6.182272577094e+03 
       1.059127830406e-03       6.555011728919e+03 
       1.128014168153e-03       6.940531472919e+03 
       1.200435611595e-03       7.342518613775e+03 
       1.276319176331e-03       7.759991881624e+03 
       1.355559777345e-03       8.189775857164e+03 
       1.438025075285e-03       8.631918542522e+03 
       1.523561162424e-03       9.084811904283e+03 
       1.611998568037e-03       9.546262836539e+03 
       1.703158112810e-03       1.001466143178e+04 
       1.796856245275e-03       1.049038978135e+04 
       1.892909620356e-03       1.096995662162e+04 
       1.991138804276e-03       1.145234124063e+04 
       2.091371093433e-03       1.193711475902e+04 
       2.193442508917e-03       1.242247592168e+04 
       2.297199073001e-03       1.087438922545e+04 
       2.402497493610e-03       1.285677020835e+04 
       2.509205384281e-03       1.387214500624e+04 
       2.617201136970e-03       1.418856575599e+04 
       2.726373548867e-03       1.458417790120e+04 
       2.836621286100e-03       1.481088490284e+04 
       2.947852249355e-03       1.556691066617e+04 
       3.059982890597e-03       1.601453931716e+04 
       3.172937516619e-03       1.404613726983e+04 
       3.286647604388e-03       1.694592182650e+04 
       3.401051144740e-03       1.480388783401e+04 
       3.516092024646e-03       1.547194250057e+04 
       3.631719453629e-03       1.612746428025e+04 
       3.747887436617e-03       1.676562287360e+04 
       3.864554293244e-03       1.738346907759e+04 
       3.981682222114e-03       1.797947836223e+04 
       4.099236907609e-03       1.855315279131e+04 
       4.217187166303e-03       1.910467877475e+04 
       4.335504629800e-03       1.963470407115e+04 
       4.454163460757e-03       2.014411992205e+04 
       4.573140098944e-03       2.063396399657e+04 
       4.692413034338e-03       2.110532149113e+04 
       4.811962604463e-03       2.155927243366e+04 
       4.931770813392e-03       2.199691156096e+04 
       5.051821170079e-03       1.934908912948e+04 
       5.172098543902e-03       1.990181522576e+04 
       5.292589035512e-03       2.045635413555e+04 
       5.413279861292e-03       2.099723376787e+04 
       5.534159249908e-03       2.152395627044e+04 
       5.655216349602e-03       2.203479513882e+04 
       5.776441145044e-03       2.252843474252e+04 
       5.897824382664e-03       2.300409637746e+04 
       6.019357503540e-03       2.346376006718e+04 
       6.141032583013e-03       2.390531156725e+04 
       6.262842276282e-03       2.433120024191e+04 
       6.384779769342e-03       2.473982656656e+04 
       6.506838734689e-03       2.513232194071e+04 
       6.629013291269e-03       2.551075850209e+04 
       6.751297968241e-03       2.587377036779e+04 
       6.873687672145e-03       2.622310695573e+04 
       6.996177657109e-03       2.655945924865e+04 
       7.118763497809e-03       2.688220505380e+04 
       7.241441064874e-03       2.719280189839e+04 
       7.364206502504e-03       2.749210494546e+04 
       7.487056208076e-03       2.777972130685e+04 
       7.609986813543e-03       2.805700415706e+04 
       7.732995168449e-03       2.832395827773e+04 
       7.856078324395e-03       2.858100901465e+04 
       7.979233520841e-03       2.882876638935e+04 
       8.102458172083e-03       2.906774724572e+04 
       8.225749855330e-03       2.929810486250e+04 
       8.349106299748e-03       2.951992762649e+04 
       8.472525376403e-03       2.973414477271e+04 
       8.596005089018e-03       2.994008472246e+04 
       8.719543565454e-03       3.013868708144e+04 
       8.843139049879e-03       3.033027910071e+04 
       8.966789895542e-03       3.051434764621e+04 
       9.090494558100e-03       3.069249629705e+04 
       9.214251589475e-03       3.086367963327e+04 
       9.338059632157e-03       3.102843746612e+04 
       9.461917413952e-03       3.118696511627e+04 
       9.585823743117e-03       3.133991404664e+04 
       9.709777503851e-03       3.148717753035e+04 
       9.833777652128e-03       3.162820826301e+04 
       9.957823211821e-03       3.176436794510e+04 
       1.008191327112e-02       3.189409936524e+04 
       1.020604697919e-02       3.201995052999e+04 
       1.033022354311e-02       3.213945839405e+04 
       1.045444222494e-02       3.225509478449e+04 
       1.057870233912e-02       3.236484480300e+04 
       1.070300324993e-02       3.247000096437e+04 
       1.082734436924e-02       3.257098271140e+04 
       1.095172515430e-02       3.266700183207e+04 
       1.107614510578e-02       3.275859494998e+04 
       1.120060376592e-02       3.284576973046e+04 
       1.132510071675e-02       3.292926452364e+04 
       1.144963557853e-02       3.300776231706e+04 
       1.157420800823e-02       3.308249051466e+04 
       1.169881769814e-02       3.315296398280e+04 
       1.182346437455e-02       2.802602316069e+04 
       1.194814779657e-02       2.800416034212e+04 
       1.207286775500e-02       3.334136091745e+04 
       1.219762407125e-02       3.339643385966e+04 
       1.232241659642e-02       3.344784435480e+04 
       1.244724521038e-02       3.349573916107e+04 
       1.257210982092e-02       3.353979324522e+04 
       1.269701036298e-02       3.358053593916e+04 
       1.282194679793e-02       3.361794763940e+04 
       1.294691911294e-02       3.365210863747e+04 
       1.307192732030e-02       3.368265762229e+04 
       1.319697145693e-02       3.371126769889e+04 
       1.332205158379e-02       3.373410425037e+04 
       1.344716778545e-02       3.375533180488e+04 
       1.357232016967e-02       3.377296946793e+04 
       1.369750886692e-02       3.378772070166e+04 
       1.382273403011e-02       3.379995438108e+04 
       1.394799583422e-02       3.380869148510e+04 
       1.407329447601e-02       3.381519211485e+04 
       1.419863017376e-02       3.381782872072e+04 
       1.432400316705e-02       3.381897149873e+04 
       1.444941371654e-02       3.381619496162e+04 
       1.457486210381e-02       3.381123804388e+04 
       1.470034863121e-02       3.380335453269e+04 
       1.482587362172e-02       3.379289754174e+04 
       1.495143741887e-02       3.378004335218e+04 
       1.507704038666e-02       3.376427039823e+04 
       1.520268290951e-02       3.374671810713e+04 
       1.532836539222e-02       3.372604587408e+04 
       1.545408825997e-02       3.370309129630e+04 
       1.557985195833e-02       3.367785552812e+04 
       1.570565695329e-02       3.365056048299e+04 
       1.583150373131e-02       3.362075398374e+04 
       1.595739279941e-02       3.358835892858e+04 
       1.608332468522e-02       3.355421048014e+04 
       1.620929993711e-02       3.351775773985e+04 
       1.633531912433e-02       3.347943751379e+04 
       1.646138283712e-02       3.343838869257e+04 
       1.658749168691e-02       3.339576787266e+04 
       1.671364630646e-02       3.335106661985e+04 
       1.683984735007e-02       3.330467671704e+04 
       1.696609549380e-02       3.325536991547e+04 
       1.709239143569e-02       3.320468123987e+04 
       1.721873589599e-02       3.315226071507e+04 
       1.734512961744e-02       3.309785438131e+04 
       1.747157336556e-02       3.304150763006e+04 
       1.759806792891e-02       3.298351572310e+04 
       1.772461411941e-02       3.292361007539e+04 
       1.785121277270e-02       3.286214281246e+04 
       1.797786474843e-02       3.279899965596e+04 
       1.810457093066e-02       3.273410931256e+04 
       1.823133222823e-02       3.266776034607e+04 
       1.835814957513e-02       3.259978539406e+04 
       1.848502393094e-02       3.253001208578e+04 
       1.861195628125e-02       3.245890589500e+04 
       1.873894763808e-02       3.238636028210e+04 
       1.886599904040e-02       3.231200104602e+04 
       1.899311155453e-02       3.223658093592e+04 
       1.912028627472e-02       3.215963934116e+04 
       1.924752432362e-02       3.208124967119e+04 
       1.937482685282e-02       3.200166956386e+04 
       1.950219504343e-02       3.192049462878e+04 
       1.962963010660e-02       3.183815909467e+04 
       1.975713328421e-02       3.175447535021e+04 
       1.988470584938e-02       3.166967150926e+04 
       2.001234910716e-02       3.158353074716e+04 
       2.014006439521e-02       3.149652846592e+04 
       2.026785308442e-02       3.140796495206e+04 
       2.039571657966e-02       3.131843596991e+04 
       2.052365632047e-02       3.122771707787e+04 
       2.065167378182e-02       3.113604059822e+04 
       2.077977047491e-02       3.104309608843e+04 
       2.090794794790e-02       3.094946743345e+04 
       2.103620778682e-02       3.085444679661e+04 
       2.116455161633e-02       3.075875635396e+04 
       2.129298110065e-02       3.066193679102e+04 
       2.142149794444e-02       3.056435498536e+04 
       2.155010389374e-02       3.046563400411e+04 
       2.167880073693e-02       3.036628924263e+04 
       2.180759030571e-02       3.026587088479e+04 
       2.193647447612e-02       3.016465812215e+04 
       2.206545516962e-02       3.006279883536e+04 
       2.219453435414e-02       2.995989053166e+04 
       2.232371404522e-02       2.985638264031e+04 
       2.245299630716e-02       2.975209222605e+04 
       2.258238325422e-02       2.964706343730e+04 
       2.271187705184e-02       2.954130083231e+04 
       2.284147991790e-02       2.943486617626e+04 
       2.297119412405e-02       2.932794410065e+04 
       2.310102199706e-02       2.922012933305e+04 
       2.323096592020e-02       2.911185004019e+04 
       2.336102833467e-02       2.900282869755e+04 
       2.349121174111e-02       2.889342326826e+04 
       2.362151870111e-02       2.878347769411e+04 
       2.375195183880e-02       2.867288252789e+04 
       2.388251384250e-02       2.856169123036e+04 
       2.401320746637e-02       2.845013957184e+04 
       2.414403553217e-02       2.833809813511e+04 
       2.427500093109e-02       2.822555328620e+04 
       2.440610662555e-02       2.811265824496e+04 
       2.453735565117e-02       2.799925527058e+04 
       2.466875111870e-02       2.788547748297e+04 
       2.480029621615e-02       2.777127842248e+04 
       2.493199421084e-02       2.765670365327e+04 
       2.506384845163e-02       2.754174202799e+04 
       2.519586237117e-02       2.742657813443e+04 
       2.532803948824e-02       2.731112933791e+04 
       2.546038341023e-02       2.719517955276e+04 
       2.559289783556e-02       2.707910266059e+04 
       2.572558655636e-02       2.696274327640e+04 
       2.585845346112e-02       2.684611726472e+04 
       2.599150253749e-02       2.672945345818e+04 
       2.612473787515e-02       2.661217979875e+04 
       2.625816366881e-02       2.649467966080e+04 
       2.639178422132e-02       2.637720251994e+04 
       2.652560394685e-02       2.625965519255e+04 
       2.665962737423e-02       2.614176558448e+04 
       2.679385915042e-02       2.602390763384e+04 
       2.692830404405e-02       2.590579037024e+04 
       2.706296694916e-02       2.578754017962e+04 
       2.719785288904e-02       2.566919442725e+04 
       2.733296702024e-02       2.555072534730e+04 
       2.746831463671e-02       2.543231726422e+04 
       2.760390117411e-02       2.531364558514e+04 
       2.773973221428e-02       2.519514465970e+04 
       2.787581348993e-02       2.507642163273e+04 
       2.801215088943e-02       2.495783154147e+04 
       2.814875046188e-02       2.483901096490e+04 
       2.828561842232e-02       2.472034234026e+04 
       2.842276115715e-02       2.460167103203e+04 
       2.856018522986e-02       2.448299788158e+04 
       2.869789738685e-02       2.436434288937e+04 
       2.883590456362e-02       2.424578760892e+04 
       2.897421389115e-02       2.412718880150e+04 
       2.911283270254e-02       2.400863501669e+04 
       2.925176854002e-02       2.389032354329e+04 
       2.939102916214e-02       2.377194667823e+04 
       2.953062255134e-02       2.365366653684e+04 
       2.967055692183e-02       2.353552584063e+04 
       2.981084072787e-02       2.341743820226e+04 
       2.995148267228e-02       2.329962290260e+04 
       3.009249171552e-02       2.318170989265e+04 
       3.023387708499e-02       2.306418841756e+04 
       3.037564828490e-02       2.294665493367e+04 
       3.051781510651e-02       2.282941556847e+04 
       3.066038763887e-02       2.271214533115e+04 
       3.080337628007e-02       2.259510406832e+04 
       3.094679174900e-02       2.247824950006e+04 
       3.109064509770e-02       2.236161872449e+04 
       3.123494772426e-02       2.224523859379e+04 
       3.137971138642e-02       2.212888762209e+04 
       3.152494821574e-02       2.201283380997e+04 
       3.167067073254e-02       2.189696990028e+04 
       3.181689186160e-02       2.178129560464e+04 
       3.196362494859e-02       2.166595977727e+04 
       3.211088377736e-02       2.155068941142e+04 
       3.225868258819e-02       2.143576707681e+04 
       3.240703609687e-02       2.132097556708e+04 
       3.255595951490e-02       2.120663969181e+04 
       3.270546857068e-02       2.109236597973e+04 
       3.285557953188e-02       2.097848250644e+04 
       3.300630922905e-02       2.086473503227e+04 
       3.315767508042e-02       2.075131109667e+04 
       3.330969511824e-02       2.063809829805e+04 
       3.346238801645e-02       2.052521147200e+04 
       3.361577311998e-02       2.041255570117e+04 
       3.376987047578e-02       2.030026958075e+04 
       3.392470086555e-02       2.018821712372e+04 
       3.408028584047e-02       2.007643386866e+04 
       3.423664775796e-02       1.996495389580e+04 
       3.439380982067e-02       1.747838145061e+04 
       3.455179611781e-02       1.974281264939e+04 
       3.471063166904e-02       1.963214618220e+04 
       3.487034247111e-02       1.952189064020e+04 
       3.503095554742e-02       1.941190064633e+04 
       3.519249900073e-02       1.930220508168e+04 
       3.535500206932e-02       1.919274555805e+04 
       3.551849518678e-02       1.908367164895e+04 
       3.568301004580e-02       1.897481697891e+04 
       3.584857966622e-02       1.886636565407e+04 
       3.601523846768e-02       1.875816736287e+04 
       3.618302234740e-02       1.865027973085e+04 
       3.635196876322e-02       1.854263129407e+04 
       3.652211682265e-02       1.843542376529e+04 
       3.669350737827e-02       1.832844470967e+04 
       3.686618313008e-02       1.564236919412e+04 
       3.704018873538e-02       1.811537898151e+04 
       3.721557092692e-02       1.800936279688e+04 
       3.739237864002e-02       1.601333691911e+04 
       3.757066314943e-02       1.562737341576e+04 
       3.775047821702e-02       1.769296897375e+04 
       3.793188025104e-02       1.758809618986e+04 
       3.811492847838e-02       1.748345809223e+04 
       3.829968513085e-02       1.496562516830e+04 
       3.848621564694e-02       1.727518176906e+04 
       3.867458889075e-02       1.485579216923e+04 
       3.886487738955e-02       1.439616179448e+04 
       3.905715759226e-02       1.441683543703e+04 
       3.925151015078e-02       1.686203311498e+04 
       3.944802022671e-02       1.439736635858e+04 
       3.964677782631e-02       1.665706516419e+04 
       3.984787816672e-02       1.655499057281e+04 
       4.005142207699e-02       1.645309307729e+04 
       4.025751643805e-02       1.387779622420e+04 
       4.046627466597e-02       1.625016481688e+04 
       4.067781724379e-02       1.614904406196e+04 
       4.089227230787e-02       1.604816772866e+04 
       4.110977629540e-02       1.398305202721e+04 
       4.133047466074e-02       1.584705575759e+04 
       4.155452266966e-02       1.574676630555e+04 
       4.178208628143e-02       1.384826468859e+04 
       4.201334313073e-02       1.554693322955e+04 
       4.224848362282e-02       1.544722750635e+04 
       4.248771215794e-02       1.534768587484e+04 
       4.273124850321e-02       1.524833830407e+04 
       4.297932933353e-02       1.380040842884e+04 
       4.323220996665e-02       1.505004403459e+04 
       4.349016632186e-02       1.495111001596e+04 
       4.375349713707e-02       1.485226415284e+04 
       4.402252648547e-02       1.475351613868e+04 
       4.429760664049e-02       1.350725289248e+04 
       4.457912134715e-02       1.273525691749e+04 
       4.486748956920e-02       1.445763805445e+04 
       4.516316979540e-02       1.435897049227e+04 
       4.546666500522e-02       1.426043167117e+04 
       4.577852841523e-02       1.416180448010e+04 
       4.609937015360e-02       1.406314746087e+04 
       4.642986504236e-02       1.396441322806e+04 
       4.677076170742e-02       1.301625967747e+04 
       4.712289328725e-02       1.376655967344e+04 
       4.748719007441e-02       1.222552324173e+04 
       4.786469450533e-02       1.356799299091e+04 
       4.825657901511e-02       1.346836782525e+04 
       4.866416740464e-02       1.336827883858e+04 
       4.908896053225e-02       1.326789761519e+04 
       4.953266735318e-02       1.230996737174e+04 
       4.999724259863e-02       1.306552801922e+04 
       5.048493272699e-02       1.296337426485e+04 
       5.099833220888e-02       1.255467384673e+04 
       5.154045274045e-02       1.275654356542e+04 
       5.211480862407e-02       1.265134548346e+04 
       5.272552230076e-02       1.254483711892e+04 
       5.337745480527e-02       1.219456410294e+04 
       5.407636658059e-02       1.232583008242e+04 
       5.482911425953e-02       1.221235913179e+04 
       5.564388790558e-02       1.180430433264e+04 
       5.653048922094e-02       1.144118569222e+04 
       5.750064137608e-02       1.026651228817e+04 
       5.856830005956e-02       1.170845502808e+04 
       5.974989454471e-02       1.156019658951e+04 
       6.106435593161e-02       1.139616293504e+04 
       6.253268042980e-02       1.121045080478e+04 
       6.417664890725e-02       1.099517664227e+04 
       6.601627681153e-02       1.074058264113e+04 
       6.806582679642e-02       1.043549148665e+04 
       7.032905004377e-02       1.006959377659e+04 
       7.279558920441e-02       9.636759930328e+03 
       7.544103991539e-02       9.014075617799e+03 
       7.823159882919e-02       8.588449710402e+03 
       8.113120900609e-02       8.006531825492e+03 
       8.410767377706e-02       7.419785678003e+03 
       8.713569260430e-02       6.838107732267e+03 
       9.019709658127e-02       6.326475170795e+03 
       9.327961250511e-02       5.874819745717e+03 
       9.637527588228e-02       5.484587542901e+03 
       9.947904900999e-02       5.156230591780e+03 
       1.025877961124e-01       4.898379120765e+03 
       1.056995844726e-01       4.722873362667e+03 
       1.088132299865e-01       4.579197769641e+03 
       1.119280097637e-01       4.467564221163e+03 
       1.150434833575e-01       4.383007534830e+03 
       1.181593826628e-01       4.303291476608e+03 
       1.212755445097e-01       4.219540994877e+03 
       1.243918695441e-01       3.670703729643e+03 
       1.275082971978e-01       4.006410681278e+03 
       1.306247904725e-01       3.868941063842e+03 
       1.337413266951e-01       3.711475567207e+03 
       1.368578919041e-01       3.535152056099e+03 
       1.399744774410e-01       3.316996972798e+03 
       1.430910778799e-01       3.170992183331e+03 
       1.462076897703e-01       2.991894148762e+03 
       1.493243108726e-01       2.823466668525e+03 
       1.524409396936e-01       2.672256786875e+03 
       1.555575752030e-01       2.540467986756e+03 
       1.586742166608e-01       2.428555042408e+03 
       1.617908635119e-01       2.338328448207e+03 
       1.649075153210e-01       2.225324593817e+03 
       1.680241717327e-01       2.209523631044e+03 
       1.711408324462e-01       2.164932055978e+03 
       1.742574972003e-01       2.128469177865e+03 
       1.773741657627e-01       2.065355726514e+03 
       1.804908379239e-01       2.063977592995e+03 
       1.836075134927e-01       1.999441840683e+03 
       1.867241922932e-01       1.989650048852e+03 
       1.898408741624e-01       1.942895094097e+03 
       1.929575589492e-01       1.888771426116e+03 
       1.960742465124e-01       1.828404551389e+03 
       1.991909367200e-01       1.725072726205e+03 
       2.023076294488e-01       1.687808516105e+03 
       2.054243245827e-01       1.626823681598e+03 
       2.085410220132e-01       1.560563032935e+03 
       2.116577216378e-01       1.498022659161e+03 
       2.147744233605e-01       1.441166394888e+03 
       2.178911270904e-01       1.390266874132e+03 
       2.210078327420e-01       1.345854531337e+03 
       2.241245402347e-01       1.307805522133e+03 
       2.272412494921e-01       1.275376293657e+03 
       2.303579604421e-01       1.248441459390e+03 
       2.334746730165e-01       1.225340832870e+03 
       2.365913871507e-01       1.204921417373e+03 
       2.397081027834e-01       1.185952165968e+03 
       2.428248198566e-01       1.167224072664e+03 
       2.459415383152e-01       1.147741762762e+03 
       2.490582581067e-01       1.126777761785e+03 
       2.521749791816e-01       1.100444782926e+03 
       2.552917014925e-01       1.078439196402e+03 
       2.584084249944e-01       1.052544276486e+03 
       2.615251496445e-01       1.024574836688e+03 
       2.646418754019e-01       9.957707742229e+02 
       2.677586022279e-01       9.667469310046e+02 
       2.708753300853e-01       9.381661595126e+02 
       2.739920589386e-01       9.106564830442e+02 
       2.771087887542e-01       8.847603957301e+02 
       2.802255194997e-01       8.608740093935e+02 
       2.833422511442e-01       8.392133148832e+02 
       2.864589836583e-01       8.198057096272e+02 
       2.895757170138e-01       8.025027517846e+02 
       2.926924511836e-01       7.870247914087e+02 
       2.958091861418e-01       7.730052604913e+02 
       2.989259218636e-01       7.600460527879e+02 
       3.020426583254e-01       7.477565855899e+02 
       3.051593955043e-01       7.357747816364e+02 
       3.082761333784e-01       7.237810491115e+02 
       3.113928719268e-01       7.115338263503e+02 
       3.145096111293e-01       6.988537534225e+02 
       3.176263509665e-01       6.856628380136e+02 
       3.207430914200e-01       6.719712855186e+02 
       3.238598324717e-01       6.578818294615e+02 
       3.269765741046e-01       6.435668421761e+02 
       3.300933163021e-01       6.292443342979e+02 
       3.332100590482e-01       6.151257820258e+02 
       3.363268023276e-01       6.014074064325e+02 
       3.394435461256e-01       5.882410046469e+02 
       3.425602904280e-01       5.757430816446e+02 
       3.456770352210e-01       5.639758053553e+02 
       3.487937804915e-01       5.529674458780e+02 
       3.519105262267e-01       5.427064700916e+02 
       3.550272724143e-01       5.331447450384e+02 
       3.581440190424e-01       5.241961367839e+02 
       3.612607660996e-01       5.157464372531e+02 
       3.643775135749e-01       5.076568496098e+02 
       3.674942614575e-01       4.997914106673e+02 
       3.706110097372e-01       4.920281016873e+02 
       3.737277584039e-01       4.842756857946e+02 
       3.768445074481e-01       4.764785854178e+02 
       3.799612568603e-01       4.686130828847e+02 
       3.830780066316e-01       4.606844292361e+02 
       3.861947567533e-01       4.527126109906e+02 
       3.893115072168e-01       4.447343231782e+02 
       3.924282580141e-01       4.367912656832e+02 
       3.955450091372e-01       4.289366663929e+02 
       3.986617605784e-01       4.212296547292e+02 
       4.017785123303e-01       4.137255010914e+02 
       4.048952643857e-01       4.064754826763e+02 
       4.080120167376e-01       3.995121874108e+02 
       4.111287693792e-01       3.928476426643e+02 
       4.142455223040e-01       3.864750119083e+02 
       4.173622755057e-01       3.803722963499e+02 
       4.204790289779e-01       3.745085599295e+02 
       4.235957827148e-01       3.688519649398e+02 
       4.267125367105e-01       3.633724171051e+02 
       4.298292909594e-01       3.580416474194e+02 
       4.329460454560e-01       3.528321885228e+02 
       4.360628001949e-01       3.477158313816e+02 
       4.391795551710e-01       3.426662422704e+02 
       4.422963103792e-01       3.376599384730e+02 
       4.454130658147e-01       3.326824118257e+02 
       4.485298214726e-01       3.277298124619e+02 
       4.516465773485e-01       3.228081288090e+02 
       4.547633334377e-01       3.179347161256e+02 
       4.578800897359e-01       3.131226504725e+02 
       4.609968462389e-01       3.083882753959e+02 
       4.641136029425e-01       3.037430131150e+02 
       4.672303598427e-01       2.991964362555e+02 
       4.703471169355e-01       2.947554937880e+02 
       4.734638742172e-01       2.904287623422e+02 
       4.765806316840e-01       2.862236663184e+02 
       4.796973893324e-01       2.821442684242e+02 
       4.828141471587e-01       2.781933517730e+02 
       4.859309051595e-01       2.743649555720e+02 
       4.890476633316e-01       2.706455758915e+02 
       4.921644216716e-01       2.670178841156e+02 
       4.952811801764e-01       2.634657559465e+02 
       4.983979388428e-01       2.599760480061e+02 
       5.015146976679e-01       2.565392215042e+02 
       5.046314566486e-01       2.531497375873e+02 
       5.077482157822e-01       2.498043650068e+02 
       5.108649750657e-01       2.465001693557e+02 
       5.139817344965e-01       2.432342869053e+02 
       5.170984940719e-01       2.400051419294e+02 
       5.202152537894e-01       2.368131512445e+02 
       5.233320136462e-01       2.336622770750e+02 
       5.264487736400e-01       2.305596990566e+02 
       5.295655337684e-01       2.275137884042e+02 
       5.326822940289e-01       2.245310771414e+02 
       5.357990544193e-01       2.216170077851e+02 
       5.389158149372e-01       2.187694587652e+02 
       5.420325755806e-01       2.159861716486e+02 
       5.451493363472e-01       2.132628334848e+02 
       5.482660972349e-01       2.105954628683e+02 
       5.513828582416e-01       2.079819460128e+02 
       5.544996193654e-01       2.054207734023e+02 
       5.576163806043e-01       2.029102488520e+02 
       5.607331419564e-01       2.004469870669e+02 
       5.638499034197e-01       1.980262402215e+02 
       5.669666649925e-01       1.956424006042e+02 
       5.700834266729e-01       1.932909863534e+02 
       5.732001884592e-01       1.909696865191e+02 
       5.763169503496e-01       1.886785348448e+02 
       5.794337123425e-01       1.864194544800e+02 
       6.098277307119e-01       1.661857974189e+02 
       6.451064345081e-01       1.465036386626e+02 
       6.874168903225e-01       1.268593855247e+02 
       7.405615377543e-01       1.070654026771e+02 
       8.118858171129e-01       8.667709530993e+01 
       9.166839591874e-01       6.539944970185e+01 
       1.084924519511e+00       4.401799446141e+01 
       1.346076111255e+00       2.631323552414e+01 
       1.693352650519e+00       1.508462506349e+01 
