# Matter power spectrum P(k) at redshift z=3
# for k=1.04036e-05 to 1.4771 h/Mpc,
# number of wavenumbers equal to 614
#    1:k (h/Mpc)              2:P (Mpc/h)^3        
       1.040359364862e-05       5.068435688510e+00 
       2.323435961626e-05       1.102572249979e+01 
       3.610988238115e-05       1.689017302911e+01 
       4.906453455633e-05       2.272022865084e+01 
       6.213325276579e-05       2.854981455639e+01 
       7.535184675113e-05       3.440476175249e+01 
       8.875731828673e-05       4.030742347689e+01 
       1.023881941150e-04       4.627857493509e+01 
       1.162848771451e-04       5.233839414296e+01 
       1.304900201928e-04       5.850706206652e+01 
       1.450489265446e-04       6.480518476188e+01 
       1.600099815780e-04       7.125412653260e+01 
       1.754251194968e-04       7.787629783835e+01 
       1.913503288959e-04       8.469542131051e+01 
       2.078462002388e-04       9.173678903598e+01 
       2.249785173124e-04       9.902751856899e+01 
       2.428188931353e-04       1.065968114610e+02 
       2.614454484415e-04       1.144762152758e+02 
       2.809435274812e-04       1.226998874358e+02 
       3.014064411502e-04       1.313048564215e+02 
       3.229362210261e-04       1.403312725337e+02 
       3.456443593626e-04       1.498226363930e+02 
       3.696524990964e-04       1.598259884438e+02 
       3.950930242072e-04       1.703920368536e+02 
       4.221094843326e-04       1.815751944305e+02 
       4.508567688291e-04       1.934334878145e+02 
       4.815009257370e-04       2.060282948915e+02 
       5.142185026770e-04       2.194238602857e+02 
       5.491952734126e-04       2.336865356830e+02 
       5.866242111468e-04       2.488836940812e+02 
       6.267025846006e-04       2.650822778043e+02 
       6.696280932132e-04       2.823469623049e+02 
       7.155940298995e-04       3.007379535748e+02 
       7.647835660478e-04       3.203084864070e+02 
       8.173633884776e-04       3.411021500943e+02 
       8.734770657150e-04       3.631502288742e+02 
       9.332386535839e-04       3.864692933497e+02 
       9.967271326383e-04       4.110593006539e+02 
       1.063982268900e-03       4.369024419379e+02 
       1.135002385435e-03       4.639629103926e+02 
       1.209744331340e-03       4.921876583580e+02 
       1.288125670967e-03       5.215080876727e+02 
       1.370028844511e-03       5.518425005246e+02 
       1.455306829564e-03       5.830990547833e+02 
       1.477104874446e-03       5.910351683082e+02 
       1.543789704668e-03       6.151789342704e+02 
       1.635291495115e-03       6.479794620352e+02 
       1.729616754606e-03       6.813969413478e+02 
       1.826566471243e-03       7.153290850998e+02 
       1.925943043976e-03       7.496769698734e+02 
       2.027554223937e-03       7.843454706524e+02 
       2.131216033376e-03       8.192463907192e+02 
       2.236754755548e-03       8.542989744819e+02 
       2.344008133589e-03       8.894283864515e+02 
       2.452825932207e-03       9.245667232824e+02 
       2.563070011809e-03       9.596528802952e+02 
       2.674614048628e-03       9.946322616902e+02 
       2.787343012923e-03       1.029456379594e+03 
       2.901152494737e-03       1.064082383631e+03 
       3.015947945774e-03       1.098472558594e+03 
       3.131643887791e-03       1.132593821971e+03 
       3.248163123109e-03       1.166417245421e+03 
       3.365435971192e-03       1.199917615394e+03 
       3.483399546431e-03       1.233073039355e+03 
       3.601997085734e-03       1.265864596788e+03 
       3.721177329934e-03       1.298276029410e+03 
       3.840893959799e-03       1.330293463174e+03 
       3.961105085324e-03       1.361905155255e+03 
       4.081772785649e-03       1.393101261393e+03 
       4.202862696194e-03       1.423873621584e+03 
       4.324343639221e-03       1.454215564140e+03 
       4.446187293934e-03       1.484121729074e+03 
       4.568367902300e-03       1.513587911461e+03 
       4.690862006968e-03       1.542610924368e+03 
       4.813648217878e-03       1.571188479628e+03 
       4.936707004458e-03       1.599319083744e+03 
       5.060020510573e-03       1.627001945982e+03 
       5.183572389664e-03       1.654236896100e+03 
       5.307347657808e-03       1.681024152987e+03 
       5.431332562637e-03       1.707364632996e+03 
       5.555514466321e-03       1.733259708807e+03 
       5.679881741005e-03       1.758711023879e+03 
       5.804423675274e-03       1.783720546757e+03 
       5.929130390399e-03       1.808290533780e+03 
       6.053992765253e-03       1.832423497771e+03 
       6.179002368925e-03       1.856122180512e+03 
       6.304151400161e-03       1.879389527025e+03 
       6.429432632897e-03       1.902228666222e+03 
       6.554839367177e-03       1.924642876554e+03 
       6.680365384905e-03       1.946635568103e+03 
       6.806004909884e-03       1.968210260203e+03 
       6.931752571685e-03       1.989370559902e+03 
       7.057603372952e-03       2.010120145164e+03 
       7.183552659759e-03       2.030462750845e+03 
       7.309596094728e-03       2.050402157635e+03 
       7.435729632600e-03       2.069942184641e+03 
       7.561949498020e-03       2.089086682272e+03 
       7.688252165313e-03       2.107839527382e+03 
       7.814634340046e-03       2.126204617995e+03 
       7.941092942209e-03       2.144185867900e+03 
       8.067625090842e-03       2.161787202094e+03 
       8.194228089984e-03       2.179012551014e+03 
       8.320899415811e-03       2.195865846324e+03 
       8.447636704845e-03       2.212351012568e+03 
       8.574437743145e-03       2.228471963631e+03 
       8.701300456378e-03       2.244232903189e+03 
       8.828222900695e-03       2.259637926581e+03 
       8.955203254349e-03       2.274690324778e+03 
       9.082239809960e-03       2.289393988256e+03 
       9.209330967407e-03       2.303752742594e+03 
       9.336475227261e-03       2.317770385481e+03 
       9.463671184729e-03       2.331450686234e+03 
       9.590917524061e-03       2.344797384916e+03 
       9.718213013382e-03       2.357814192113e+03 
       9.845556499907e-03       2.370504789987e+03 
       9.972946905518e-03       2.382872832384e+03 
       1.010038322267e-02       2.394921946369e+03 
       1.022786451057e-02       2.406655732062e+03 
       1.035538989170e-02       2.418077763725e+03 
       1.048295854851e-02       2.429191588898e+03 
       1.061056972040e-02       2.440000728548e+03 
       1.073822270092e-02       2.450508675252e+03 
       1.086591683511e-02       2.460718891862e+03 
       1.099365151714e-02       2.470634809675e+03 
       1.112142618799e-02       2.480259826372e+03 
       1.124924033336e-02       2.489597304708e+03 
       1.137709348174e-02       2.498650571241e+03 
       1.150498520260e-02       2.507422916403e+03 
       1.163291510465e-02       2.515917595018e+03 
       1.176088283431e-02       2.524137828346e+03 
       1.188888807423e-02       2.532086806300e+03 
       1.201693054195e-02       2.539767691482e+03 
       1.214500998861e-02       2.547183621675e+03 
       1.227312619776e-02       2.554337713664e+03 
       1.240127898434e-02       2.561233066069e+03 
       1.252946819356e-02       2.567872761411e+03 
       1.265769370005e-02       2.574259868265e+03 
       1.278595540693e-02       2.580397441835e+03 
       1.291425324501e-02       2.586288524108e+03 
       1.304258717206e-02       2.591936142018e+03 
       1.317095717209e-02       2.597343293161e+03 
       1.329936325474e-02       2.602512910461e+03 
       1.342780545463e-02       2.607447823186e+03 
       1.355628383091e-02       2.612150775781e+03 
       1.368479846666e-02       2.616624515223e+03 
       1.381334946851e-02       2.620871777607e+03 
       1.394193696619e-02       2.624895459844e+03 
       1.407056111216e-02       2.628698299959e+03 
       1.419922208125e-02       2.632283072676e+03 
       1.432792007040e-02       2.635652515136e+03 
       1.445665529832e-02       2.638809334743e+03 
       1.458542800529e-02       2.641756212653e+03 
       1.471423845295e-02       2.644495805995e+03 
       1.477104874446e-02       2.645638643927e+03 
       1.484308692408e-02       2.647030749267e+03 
       1.497197372245e-02       2.649363655246e+03 
       1.510089917274e-02       2.651497115550e+03 
       1.522986362034e-02       2.653433701081e+03 
       1.535886743136e-02       2.655175962436e+03 
       1.548791099249e-02       2.656726430046e+03 
       1.561699471104e-02       2.658087614651e+03 
       1.574611901486e-02       2.659262007372e+03 
       1.587528435237e-02       2.660252080086e+03 
       1.600449119261e-02       2.661060285578e+03 
       1.613374002523e-02       2.661689057770e+03 
       1.626303136062e-02       2.662140811902e+03 
       1.639236572996e-02       2.662417944772e+03 
       1.652174368531e-02       2.662522834886e+03 
       1.665116579977e-02       2.662457842692e+03 
       1.678063266761e-02       2.662225310707e+03 
       1.691014490438e-02       2.661827563735e+03 
       1.703970314716e-02       2.661266908992e+03 
       1.716930805469e-02       2.660545636323e+03 
       1.729896030762e-02       2.659666018297e+03 
       1.742866060872e-02       2.658630310410e+03 
       1.755840968311e-02       2.657440751223e+03 
       1.768820827854e-02       2.656099562364e+03 
       1.781805716566e-02       2.654608948901e+03 
       1.794795713831e-02       2.652971099224e+03 
       1.807790901383e-02       2.651188185279e+03 
       1.820791363338e-02       2.649262362660e+03 
       1.833797186230e-02       2.647195770622e+03 
       1.846808459045e-02       2.644990532353e+03 
       1.859825273259e-02       2.642648754828e+03 
       1.872847722879e-02       2.640172529107e+03 
       1.885875904481e-02       2.637563930281e+03 
       1.898909917256e-02       2.634825017568e+03 
       1.911949863052e-02       2.631957834473e+03 
       1.924995846421e-02       2.628964408656e+03 
       1.938047974668e-02       2.625846752198e+03 
       1.951106357899e-02       2.622606861547e+03 
       1.964171109076e-02       2.619246717516e+03 
       1.977242344067e-02       2.615768285506e+03 
       1.990320181701e-02       2.612173515387e+03 
       2.003404743832e-02       2.608464341553e+03 
       2.016496155389e-02       2.604642683096e+03 
       2.029594544447e-02       2.600710443661e+03 
       2.042700042282e-02       2.596669511544e+03 
       2.055812783444e-02       2.592521759749e+03 
       2.068932905820e-02       2.588269046021e+03 
       2.082060550705e-02       2.583913212736e+03 
       2.095195862877e-02       2.579456087124e+03 
       2.108338990668e-02       2.574899481103e+03 
       2.121490086044e-02       2.570245191341e+03 
       2.134649304683e-02       2.565494999295e+03 
       2.147816806058e-02       2.560650671292e+03 
       2.160992753521e-02       2.555713958348e+03 
       2.174177314390e-02       2.550686596299e+03 
       2.187370660043e-02       2.545570305781e+03 
       2.200572966003e-02       2.540366792202e+03 
       2.213784412043e-02       2.535077745822e+03 
       2.227005182277e-02       2.529704841665e+03 
       2.240235465268e-02       2.524249739480e+03 
       2.253475454130e-02       2.518714083878e+03 
       2.266725346635e-02       2.513099504205e+03 
       2.279985345331e-02       2.507407614543e+03 
       2.293255657649e-02       2.501640013740e+03 
       2.306536496030e-02       2.495798285425e+03 
       2.319828078041e-02       2.489883997962e+03 
       2.333130626505e-02       2.483898704368e+03 
       2.346444369633e-02       2.477843942401e+03 
       2.359769541154e-02       2.471721234535e+03 
       2.373106380459e-02       2.465532087882e+03 
       2.386455132741e-02       2.459277994300e+03 
       2.399816049144e-02       2.452960430151e+03 
       2.413189386916e-02       2.446580856554e+03 
       2.426575409568e-02       2.440140719292e+03 
       2.439974387032e-02       2.433641448604e+03 
       2.453386595834e-02       2.427084459347e+03 
       2.466812319267e-02       2.420471151093e+03 
       2.480251847567e-02       2.413802907867e+03 
       2.493705478101e-02       2.407081098201e+03 
       2.507173515556e-02       2.400307075225e+03 
       2.520656272139e-02       2.393482176502e+03 
       2.534154067780e-02       2.386607724219e+03 
       2.547667230340e-02       2.379685024920e+03 
       2.561196095836e-02       2.372715369672e+03 
       2.574741008661e-02       2.365700033952e+03 
       2.588302321816e-02       2.358640277697e+03 
       2.601880397159e-02       2.351537345302e+03 
       2.615475605646e-02       2.344392465560e+03 
       2.629088327593e-02       2.337206851473e+03 
       2.642718952945e-02       2.329981700599e+03 
       2.656367881548e-02       2.322718194856e+03 
       2.670035523442e-02       2.315417500465e+03 
       2.683722299150e-02       2.308080767957e+03 
       2.697428639993e-02       2.300709132257e+03 
       2.711154988402e-02       2.293303712506e+03 
       2.724901798253e-02       2.285865612219e+03 
       2.738669535206e-02       2.278395919137e+03 
       2.752458677061e-02       2.270895705272e+03 
       2.766269714127e-02       2.263366026975e+03 
       2.780103149600e-02       2.255807924702e+03 
       2.793959499964e-02       2.248222423219e+03 
       2.807839295400e-02       2.240610531544e+03 
       2.821743080211e-02       2.232973242797e+03 
       2.835671413269e-02       2.225311534406e+03 
       2.849624868472e-02       2.217626367925e+03 
       2.863604035224e-02       2.209918689044e+03 
       2.877609518936e-02       2.202189427678e+03 
       2.891641941537e-02       2.194439497825e+03 
       2.905701942014e-02       2.186669797616e+03 
       2.919790176976e-02       2.178881209351e+03 
       2.933907321231e-02       2.171074599348e+03 
       2.948054068393e-02       2.163250818032e+03 
       2.962231131517e-02       2.155410699988e+03 
       2.976439243754e-02       2.147555063656e+03 
       2.990679159037e-02       2.139684711679e+03 
       3.004951652795e-02       2.131800430625e+03 
       3.019257522698e-02       2.123902991096e+03 
       3.033597589438e-02       2.115993147633e+03 
       3.047972697533e-02       2.108071638648e+03 
       3.062383716181e-02       2.100139186666e+03 
       3.076831540137e-02       2.092196497913e+03 
       3.091317090645e-02       2.084244262521e+03 
       3.105841316396e-02       2.076283154546e+03 
       3.120405194541e-02       2.068313831727e+03 
       3.135009731746e-02       2.060336935620e+03 
       3.149655965296e-02       2.052353091442e+03 
       3.164344964253e-02       2.044362908168e+03 
       3.179077830665e-02       2.036366978435e+03 
       3.193855700834e-02       2.028365878285e+03 
       3.208679746648e-02       2.020360167422e+03 
       3.223551176973e-02       2.012350389044e+03 
       3.238471239119e-02       2.004337069745e+03 
       3.253441220371e-02       1.996320719326e+03 
       3.268462449602e-02       1.988301831067e+03 
       3.283536298968e-02       1.980280881358e+03 
       3.298664185688e-02       1.972258329622e+03 
       3.313847573914e-02       1.964234618470e+03 
       3.329087976699e-02       1.956210173237e+03 
       3.344386958075e-02       1.948185402310e+03 
       3.359746135231e-02       1.940160696640e+03 
       3.375167180816e-02       1.932136429788e+03 
       3.390651825363e-02       1.924112957805e+03 
       3.406201859850e-02       1.916090619167e+03 
       3.421819138400e-02       1.908069734362e+03 
       3.437505581132e-02       1.900050605951e+03 
       3.453263177180e-02       1.892033518515e+03 
       3.469093987873e-02       1.884018738026e+03 
       3.485000150116e-02       1.876006512213e+03 
       3.500983879956e-02       1.867997069851e+03 
       3.517047476366e-02       1.859990620907e+03 
       3.533193325254e-02       1.851987356039e+03 
       3.549423903720e-02       1.843987446512e+03 
       3.565741784571e-02       1.835991043922e+03 
       3.582149641117e-02       1.827998279623e+03 
       3.598650252275e-02       1.820009264836e+03 
       3.615246507990e-02       1.812024090046e+03 
       3.631941415015e-02       1.804042824451e+03 
       3.648738103063e-02       1.796065516103e+03 
       3.665639831374e-02       1.788092190965e+03 
       3.682649995714e-02       1.780122852747e+03 
       3.699772135858e-02       1.772157482435e+03 
       3.717009943588e-02       1.764196037436e+03 
       3.734367271242e-02       1.756238451445e+03 
       3.751848140883e-02       1.748284633598e+03 
       3.769456754112e-02       1.740334467874e+03 
       3.787197502604e-02       1.732387812336e+03 
       3.805074979423e-02       1.724444498516e+03 
       3.823093991176e-02       1.716504330489e+03 
       3.841259571105e-02       1.708567084169e+03 
       3.859576993171e-02       1.700632505970e+03 
       3.878051787258e-02       1.692700312326e+03 
       3.896689755570e-02       1.684770188246e+03 
       3.915496990366e-02       1.676841786355e+03 
       3.934479893133e-02       1.668914725086e+03 
       3.953645195365e-02       1.660988588116e+03 
       3.972999981098e-02       1.653062922313e+03 
       3.992551711376e-02       1.645137236175e+03 
       4.012308250861e-02       1.637210998305e+03 
       4.032277896807e-02       1.629283635220e+03 
       4.052469410641e-02       1.621354529333e+03 
       4.072892052459e-02       1.613423016880e+03 
       4.093555618742e-02       1.605488385210e+03 
       4.114470483659e-02       1.597549870092e+03 
       4.135647644378e-02       1.589606652832e+03 
       4.157098770844e-02       1.581657857176e+03 
       4.178836260562e-02       1.573702545390e+03 
       4.200873298995e-02       1.565739714580e+03 
       4.223223926265e-02       1.557768292293e+03 
       4.245903110959e-02       1.549787131835e+03 
       4.268926831948e-02       1.541795006909e+03 
       4.292312169282e-02       1.533790605762e+03 
       4.316077405355e-02       1.525772524656e+03 
       4.340242137768e-02       1.517739260509e+03 
       4.364827405500e-02       1.509689203254e+03 
       4.389855830303e-02       1.501620626308e+03 
       4.415351775512e-02       1.493531676201e+03 
       4.441341524894e-02       1.485420361695e+03 
       4.467853484549e-02       1.477284540315e+03 
       4.494918411481e-02       1.469121903559e+03 
       4.522569673058e-02       1.460929960323e+03 
       4.550843542419e-02       1.452706017549e+03 
       4.579779535806e-02       1.444447157951e+03 
       4.609420799004e-02       1.436150214794e+03 
       4.639814551480e-02       1.427811742001e+03 
       4.671012598585e-02       1.419427980056e+03 
       4.703071924350e-02       1.410994815519e+03 
       4.736055380102e-02       1.402507733458e+03 
       4.770032487451e-02       1.393961761455e+03 
       4.805080378404e-02       1.385351402390e+03 
       4.841284900576e-02       1.376670554037e+03 
       4.878741922060e-02       1.367912412030e+03 
       4.917558878883e-02       1.359069351399e+03 
       4.957856618482e-02       1.350132781426e+03 
       4.999771606127e-02       1.341092966122e+03 
       5.043458578266e-02       1.331938799915e+03 
       5.089093748638e-02       1.322657525327e+03 
       5.136878700724e-02       1.313234373374e+03 
       5.187045135396e-02       1.303652102365e+03 
       5.239860686961e-02       1.293890398199e+03 
       5.295636075868e-02       1.283925087467e+03 
       5.354733932885e-02       1.273727093227e+03 
       5.417579706368e-02       1.263261034406e+03 
       5.484675144971e-02       1.252483323477e+03 
       5.556614915761e-02       1.241339563951e+03 
       5.634106932832e-02       1.229760947661e+03 
       5.717996851208e-02       1.217659241346e+03 
       5.809296759267e-02       1.204919788190e+03 
       5.909217066408e-02       1.191391766391e+03 
       6.019198375002e-02       1.176874816533e+03 
       6.140935858750e-02       1.161101265582e+03 
       6.276381202493e-02       1.143714028082e+03 
       6.427695827191e-02       1.124242868452e+03 
       6.597116157652e-02       1.102087655697e+03 
       6.786687367396e-02       1.076527802776e+03 
       6.997849937714e-02       1.046789442503e+03 
       7.230950893497e-02       1.012202459358e+03 
       7.484881808833e-02       9.724442954739e+02 
       7.757098910924e-02       9.277918473105e+02 
       8.044112482510e-02       8.792451869896e+02 
       8.342222783489e-02       8.284309558117e+02 
       8.648140557645e-02       7.773209391033e+02 
       8.959289130961e-02       7.278912965555e+02 
       9.273822131351e-02       6.818375873942e+02 
       9.590494122637e-02       6.403983596671e+02 
       9.908497655626e-02       6.042872267478e+02 
       1.022732230680e-01       5.737078700216e+02 
       1.054665047702e-01       5.484207753895e+02 
       1.086628646312e-01       5.278352570315e+02 
       1.118611038409e-01       5.111093339331e+02 
       1.150604906144e-01       4.972491176985e+02 
       1.182605791272e-01       4.852054442000e+02 
       1.214610980252e-01       4.739670884411e+02 
       1.246618821787e-01       4.626476174833e+02 
       1.278628310541e-01       4.505590718851e+02 
       1.310638833764e-01       4.372632245556e+02 
       1.342650017255e-01       4.225922759155e+02 
       1.374661631793e-01       4.066356186643e+02 
       1.406673536315e-01       3.896960272574e+02 
       1.438685643410e-01       3.722244166457e+02 
       1.470697898370e-01       3.547453549211e+02 
       1.477104874446e-01       3.512932411703e+02 
       1.502710266464e-01       3.377851236745e+02 
       1.534722725201e-01       3.218113565581e+02 
       1.566735259627e-01       3.071894502907e+02 
       1.598747859466e-01       2.941573577172e+02 
       1.630760517365e-01       2.828175808286e+02 
       1.662773227833e-01       2.731434692251e+02 
       1.694785986580e-01       2.649962048425e+02 
       1.726798790117e-01       2.581488805979e+02 
       1.758811635501e-01       2.523146238671e+02 
       1.790824520179e-01       2.471763137952e+02 
       1.822837441888e-01       2.424246144870e+02 
       1.854850398587e-01       2.378175997066e+02 
       1.886863388415e-01       2.330484310095e+02 
       1.918876409661e-01       2.279316654580e+02 
       1.950889460741e-01       2.223623188632e+02 
       1.982902540186e-01       2.163216024257e+02 
       2.014915646622e-01       2.098708231208e+02 
       2.046928778769e-01       2.031337437910e+02 
       2.078941935426e-01       1.962714364623e+02 
       2.110955115468e-01       1.894557166220e+02 
       2.142968317838e-01       1.828468977593e+02 
       2.174981541542e-01       1.765790171366e+02 
       2.206994785644e-01       1.707525780212e+02 
       2.239008049264e-01       1.654325519439e+02 
       2.271021331570e-01       1.606488995912e+02 
       2.303034631777e-01       1.563978194269e+02 
       2.335047949143e-01       1.526435741927e+02 
       2.367061282969e-01       1.493218844198e+02 
       2.399074632590e-01       1.463460337476e+02 
       2.431087997378e-01       1.436159657278e+02 
       2.463101376739e-01       1.410293304574e+02 
       2.495114770108e-01       1.384924464935e+02 
       2.527128176949e-01       1.359289958070e+02 
       2.559141596753e-01       1.332850614616e+02 
       2.591155029037e-01       1.305304197163e+02 
       2.623168473342e-01       1.276570861999e+02 
       2.655181929229e-01       1.246764890947e+02 
       2.687195396283e-01       1.216162135527e+02 
       2.719208874107e-01       1.185164884292e+02 
       2.751222362322e-01       1.154260154216e+02 
       2.783235860569e-01       1.123967864536e+02 
       2.815249368502e-01       1.094781025473e+02 
       2.847262885793e-01       1.067107226244e+02 
       2.879276412129e-01       1.041223896626e+02 
       2.911289947210e-01       1.017257490071e+02 
       2.943303490748e-01       9.951891738536e+01 
       2.975317042469e-01       9.748813543443e+01 
       3.007330602110e-01       9.561137929390e+01 
       3.039344169420e-01       9.386182369317e+01 
       3.071357744158e-01       9.221049847762e+01 
       3.103371326093e-01       9.062813676400e+01 
       3.135384915003e-01       8.908666095785e+01 
       3.167398510676e-01       8.756081601622e+01 
       3.199412112907e-01       8.603010449204e+01 
       3.231425721500e-01       8.448070130547e+01 
       3.263439336269e-01       8.290671192702e+01 
       3.295452957031e-01       8.131021100842e+01 
       3.327466583613e-01       7.969991561128e+01 
       3.359480215847e-01       7.808888523141e+01 
       3.391493853574e-01       7.649196692293e+01 
       3.423507496637e-01       7.492370039426e+01 
       3.455521144889e-01       7.339703341592e+01 
       3.487534798185e-01       7.192276647796e+01 
       3.519548456388e-01       7.050932979520e+01 
       3.551562119364e-01       6.916250118656e+01 
       3.583575786984e-01       6.788492035811e+01 
       3.615589459125e-01       6.667557494993e+01 
       3.647603135667e-01       6.552963227306e+01 
       3.679616816494e-01       6.443892515178e+01 
       3.711630501496e-01       6.339313130493e+01 
       3.743644190565e-01       6.238136295197e+01 
       3.775657883596e-01       6.139368664133e+01 
       3.807671580491e-01       6.042213944405e+01 
       3.839685281150e-01       5.946105876238e+01 
       3.871698985482e-01       5.850685708074e+01 
       3.903712693394e-01       5.755757815325e+01 
       3.935726404800e-01       5.661256616825e+01 
       3.967740119614e-01       5.567239126182e+01 
       3.999753837754e-01       5.473893104801e+01 
       4.031767559141e-01       5.381536165683e+01 
       4.063781283698e-01       5.290584210527e+01 
       4.095795011349e-01       5.201486180312e+01 
       4.127808742024e-01       5.114642867248e+01 
       4.159822475651e-01       5.030339435878e+01 
       4.191836212163e-01       4.948715922047e+01 
       4.223849951494e-01       4.869781576043e+01 
       4.255863693579e-01       4.793458110072e+01 
       4.287877438359e-01       4.719625398718e+01 
       4.319891185771e-01       4.648146778478e+01 
       4.351904935757e-01       4.578866855059e+01 
       4.383918688262e-01       4.511593058047e+01 
       4.415932443230e-01       4.446081951859e+01 
       4.447946200608e-01       4.382048018296e+01 
       4.479959960344e-01       4.319198342001e+01 
       4.511973722387e-01       4.257280516674e+01 
       4.543987486689e-01       4.196122655055e+01 
       4.576001253202e-01       4.135647478729e+01 
       4.608015021880e-01       4.075857797329e+01 
       4.640028792678e-01       4.016802655823e+01 
       4.672042565552e-01       3.958544359171e+01 
       4.704056340459e-01       3.901141609211e+01 
       4.736070117359e-01       3.844652721134e+01 
       4.768083896210e-01       3.789149825315e+01 
       4.800097676975e-01       3.734728482221e+01 
       4.832111459614e-01       3.681500718711e+01 
       4.864125244090e-01       3.629570312615e+01 
       4.896139030368e-01       3.579001146743e+01 
       4.928152818412e-01       3.529794036776e+01 
       4.960166608188e-01       3.481884327471e+01 
       4.992180399662e-01       3.435161215173e+01 
       5.024194192802e-01       3.389499003251e+01 
       5.056207987576e-01       3.344785151866e+01 
       5.088221783953e-01       3.300933281046e+01 
       5.120235581903e-01       3.257878796558e+01 
       5.152249381396e-01       3.215564661025e+01 
       5.184263182405e-01       3.173929699833e+01 
       5.216276984900e-01       3.132908586949e+01 
       5.248290788855e-01       3.092444469697e+01 
       5.280304594243e-01       3.052506447354e+01 
       5.312318401038e-01       3.013100769386e+01 
       5.344332209214e-01       2.974267614415e+01 
       5.376346018748e-01       2.936063850506e+01 
       5.408359829614e-01       2.898539912130e+01 
       5.440373641789e-01       2.861722218311e+01 
       5.472387455251e-01       2.825609098481e+01 
       5.504401269976e-01       2.790180520383e+01 
       5.536415085942e-01       2.755414388543e+01 
       5.568428903129e-01       2.721299194617e+01 
       5.600442721514e-01       2.687835799418e+01 
       5.632456541079e-01       2.655028147471e+01 
       5.664470361801e-01       2.622869396153e+01 
       5.696484183663e-01       2.591332519325e+01 
       5.728498006645e-01       2.560371522781e+01 
       5.760511830728e-01       2.529932968497e+01 
       5.792525655894e-01       2.499971456361e+01 
       5.824539482124e-01       2.470460548320e+01 
       5.856553309402e-01       2.441393517692e+01 
       5.888567137710e-01       2.412774309093e+01 
       5.920580967032e-01       2.384604681692e+01 
       5.952594797351e-01       2.356875350682e+01 
       5.984608628651e-01       2.329566147741e+01 
       6.016622460916e-01       2.302654622067e+01 
       6.048636294132e-01       2.276127388657e+01 
       6.080650128282e-01       2.249987104779e+01 
       6.112663963352e-01       2.224250611085e+01 
       6.144677799329e-01       2.198939093867e+01 
       6.176691636197e-01       2.174065771232e+01 
       6.208705473943e-01       2.149627909756e+01 
       6.240719312553e-01       2.125607370334e+01 
       6.272733152014e-01       2.101978852332e+01 
       6.304746992313e-01       2.078720703927e+01 
       6.336760833438e-01       2.055822073827e+01 
       6.368774675375e-01       2.033282513678e+01 
       6.400788518113e-01       2.011104976670e+01 
       6.432802361640e-01       1.989286798996e+01 
       6.464816205943e-01       1.967814389663e+01 
       6.496830051012e-01       1.946664895220e+01 
       6.528843896835e-01       1.925813851828e+01 
       6.560857743401e-01       1.905244238185e+01 
       6.592871590699e-01       1.884951646686e+01 
       6.624885438719e-01       1.864942674341e+01 
       6.656899287450e-01       1.845227630392e+01 
       6.688913136882e-01       1.825811815822e+01 
       6.720926987004e-01       1.806690504901e+01 
       6.752940837808e-01       1.787850235826e+01 
       6.784954689282e-01       1.769275294862e+01 
       6.816968541419e-01       1.750955329513e+01 
       6.848982394208e-01       1.732889508925e+01 
       6.880996247641e-01       1.715084796627e+01 
       6.913010101708e-01       1.697549488089e+01 
       6.945023956400e-01       1.680285953751e+01 
       6.977037811710e-01       1.663286808510e+01 
       7.009051667628e-01       1.646536660399e+01 
       7.041065524146e-01       1.630018308003e+01 
       7.073079381257e-01       1.613719639246e+01 
       7.105093238951e-01       1.597637250997e+01 
       7.137107097222e-01       1.581774895465e+01 
       7.169120956061e-01       1.566137860586e+01 
       7.201134815461e-01       1.550726802335e+01 
       7.233148675414e-01       1.535534739321e+01 
       7.265162535913e-01       1.520548831458e+01 
       7.297176396951e-01       1.505755807221e+01 
       7.329190258521e-01       1.491147767366e+01 
       7.361204120616e-01       1.476724761113e+01 
       7.393217983229e-01       1.462492862217e+01 
       7.425231846352e-01       1.448458852499e+01 
       7.457245709981e-01       1.434624648464e+01 
       7.489259574108e-01       1.420984822579e+01 
       7.521273438726e-01       1.407528428712e+01 
       7.553287303830e-01       1.394243935534e+01 
       7.585301169413e-01       1.381124368816e+01 
       7.617315035470e-01       1.368169498615e+01 
       7.649328901994e-01       1.355383991809e+01 
       7.681342768980e-01       1.342772781222e+01 
       7.713356636421e-01       1.330336303465e+01 
       7.745370504312e-01       1.318068631560e+01 
       8.534768384167e-01       1.059314175703e+01 
       9.720010073501e-01       7.876790443988e+00 
       1.163949089446e+00       5.192802944097e+00 
       1.477104874446e+00       2.963714091794e+00 
