# Matter power spectrum P(k) at redshift z=3
# for k=1.04489e-05 to 1.48025 h/Mpc,
# number of wavenumbers equal to 610
#    1:k (h/Mpc)              2:P (Mpc/h)^3        
       1.044889052359e-05       4.980287999009e+00 
       2.353250953764e-05       1.092242360364e+01 
       3.666314006555e-05       1.677171068531e+01 
       4.987723299491e-05       2.258758667683e+01 
       6.321185692224e-05       2.840464000588e+01 
       7.670503912403e-05       3.424931962920e+01 
       9.039611770381e-05       4.014460914697e+01 
       1.043261097374e-04       4.611195099334e+01 
       1.185381002745e-04       5.217224399766e+01 
       1.330776570895e-04       5.834645837224e+01 
       1.479932760733e-04       6.465607270293e+01 
       1.633368620803e-04       7.112342272643e+01 
       1.791642498150e-04       7.777200600082e+01 
       1.955357688902e-04       8.462676600503e+01 
       2.125168563774e-04       9.171436886415e+01 
       2.301787188573e-04       9.906348003853e+01 
       2.485990439444e-04       1.067050444404e+02 
       2.678627582543e-04       1.146725703386e+02 
       2.880628244570e-04       1.230024144071e+02 
       3.093010640367e-04       1.317340619312e+02 
       3.316889841928e-04       1.409103921918e+02 
       3.553485765101e-04       1.505779141545e+02 
       3.804130411803e-04       1.607869516235e+02 
       4.070273734470e-04       1.715917499419e+02 
       4.353487287423e-04       1.830504682778e+02 
       4.655464605495e-04       1.952250130261e+02 
       4.978017023537e-04       2.081806607350e+02 
       5.323063456404e-04       2.219854070675e+02 
       5.692612552811e-04       2.367089950365e+02 
       6.088735693042e-04       2.524215527332e+02 
       6.513529610182e-04       2.691918179951e+02 
       6.969068065831e-04       2.870849426338e+02 
       7.457343061515e-04       3.061599246606e+02 
       7.980197499894e-04       3.264667954370e+02 
       8.539252891866e-04       3.480453270451e+02 
       9.135837361310e-04       3.709107486203e+02 
       9.770920433690e-04       3.950839265448e+02 
       1.044506148145e-03       4.205043815542e+02 
       1.115837792523e-03       4.472246171972e+02 
       1.191053730816e-03       4.751102505709e+02 
       1.270077447111e-03       5.041785363347e+02 
       1.352793185880e-03       5.342647444573e+02 
       1.439051819053e-03       5.653511281443e+02 
       1.480253419385e-03       5.800719275791e+02 
       1.528677892303e-03       5.972870911160e+02 
       1.621477138786e-03       6.299842411212e+02 
       1.717243811918e-03       6.633177559698e+02 
       1.815767334085e-03       6.971971670733e+02 
       1.916837939627e-03       7.315238422879e+02 
       2.020251166527e-03       7.661739686526e+02 
       2.125811194932e-03       8.010592205155e+02 
       2.233333130157e-03       8.360803843151e+02 
       2.342644384183e-03       8.712025119035e+02 
       2.453585330734e-03       9.063145290153e+02 
       2.566009405558e-03       9.413755044250e+02 
       2.679782805383e-03       9.763171369488e+02 
       2.794783914183e-03       1.011084317529e+03 
       2.910902559091e-03       1.045645689198e+03 
       3.028039173947e-03       1.079958063512e+03 
       3.146103927439e-03       1.113979234680e+03 
       3.265015855713e-03       1.147684627430e+03 
       3.384702025985e-03       1.181042664136e+03 
       3.505096747661e-03       1.214049750190e+03 
       3.626140840121e-03       1.246675783446e+03 
       3.747780961175e-03       1.278897598089e+03 
       3.869968996660e-03       1.310711271281e+03 
       3.992661509351e-03       1.342109050151e+03 
       4.115819243951e-03       1.373074484473e+03 
       4.239406684125e-03       1.403606915346e+03 
       4.363391657207e-03       1.433687751149e+03 
       4.487744982145e-03       1.463320850825e+03 
       4.612440156351e-03       1.492499972270e+03 
       4.737453077391e-03       1.521236092272e+03 
       4.862761795728e-03       1.549509284949e+03 
       4.988346295053e-03       1.576837667124e+03 
       5.114188297089e-03       1.605794462234e+03 
       5.240271088046e-03       1.631462372058e+03 
       5.366579364242e-03       1.658532106395e+03 
       5.493099094648e-03       1.682746441087e+03 
       5.619817398398e-03       1.711243106892e+03 
       5.746722435519e-03       1.734888287328e+03 
       5.873803309356e-03       1.760336098985e+03 
       6.001049979330e-03       1.782824577238e+03 
       6.128453182850e-03       1.805294386691e+03 
       6.256004365325e-03       1.831470329587e+03 
       6.383695617370e-03       1.853161699842e+03 
       6.511519618380e-03       1.876600261053e+03 
       6.639469585775e-03       1.897303024375e+03 
       6.767539229277e-03       1.921607944366e+03 
       6.895722709677e-03       1.941710780694e+03 
       7.024014601598e-03       1.961392830238e+03 
       7.152409859825e-03       1.982520987564e+03 
       7.280903788828e-03       2.001604148996e+03 
       7.409492015128e-03       2.020301728657e+03 
       7.538170462234e-03       2.041656690551e+03 
       7.666935327852e-03       2.059664598563e+03 
       7.795783063170e-03       2.077346419420e+03 
       7.924710353980e-03       2.095877973257e+03 
       8.053714103474e-03       2.113028775425e+03 
       8.182791416538e-03       2.129666392100e+03 
       8.311939585401e-03       2.148018200354e+03 
       8.441156076505e-03       2.164011856200e+03 
       8.570438518491e-03       2.179611772174e+03 
       8.699784691180e-03       2.195830729697e+03 
       8.829192515461e-03       2.210899392856e+03 
       8.958660044017e-03       2.225502286130e+03 
       9.088185452787e-03       2.241305715771e+03 
       9.217767033115e-03       2.255288414618e+03 
       9.347403184528e-03       2.268964334301e+03 
       9.477092408070e-03       2.282315312498e+03 
       9.606833300159e-03       2.295940011827e+03 
       9.736624546915e-03       2.308662870341e+03 
       9.866464918924e-03       2.321070469159e+03 
       9.996353266393e-03       2.334164953361e+03 
       1.012628851467e-02       2.345932362984e+03 
       1.025626966009e-02       2.357423354858e+03 
       1.038629576617e-02       2.368595204768e+03 
       1.051636595998e-02       2.379901288674e+03 
       1.064647942892e-02       2.390430281798e+03 
       1.077663541760e-02       2.400732960439e+03 
       1.090683322505e-02       2.410720353682e+03 
       1.103707220203e-02       2.421126557158e+03 
       1.116735174860e-02       2.430553603833e+03 
       1.129767131185e-02       2.439701528292e+03 
       1.142803038380e-02       2.448575077389e+03 
       1.155842849938e-02       2.457172476386e+03 
       1.168886523465e-02       2.465730422971e+03 
       1.181934020508e-02       2.473782780530e+03 
       1.194985306396e-02       2.481571189218e+03 
       1.208040350095e-02       2.489096570723e+03 
       1.221099124069e-02       2.496800979100e+03 
       1.234161604156e-02       2.503801875231e+03 
       1.247227769444e-02       2.510542460069e+03 
       1.260297602170e-02       2.517041908581e+03 
       1.273371087609e-02       2.523288478516e+03 
       1.286448213986e-02       2.529470518110e+03 
       1.299528972386e-02       2.535224598285e+03 
       1.312613356672e-02       2.540751470813e+03 
       1.325701363410e-02       2.546040306752e+03 
       1.338792991803e-02       2.551069911182e+03 
       1.351888243622e-02       2.556188456562e+03 
       1.364987123149e-02       2.560783200270e+03 
       1.378089637123e-02       2.565144592124e+03 
       1.391195794692e-02       2.569279104631e+03 
       1.404305607364e-02       2.573202375934e+03 
       1.417419088966e-02       2.577019156955e+03 
       1.430536255611e-02       2.580498357545e+03 
       1.443657125657e-02       2.583778254749e+03 
       1.456781719683e-02       2.586835606185e+03 
       1.469910060457e-02       2.589698881128e+03 
       1.480253419385e-02       2.591813564757e+03 
       1.483042172913e-02       2.592360717781e+03 
       1.496178084132e-02       2.594994630612e+03 
       1.509317823322e-02       2.597248019906e+03 
       1.522461421802e-02       2.599310572297e+03 
       1.535608912989e-02       2.601167144368e+03 
       1.548760332391e-02       2.602847820116e+03 
       1.561915717594e-02       2.604329721863e+03 
       1.575075108259e-02       2.605700117845e+03 
       1.588238546119e-02       2.606818623478e+03 
       1.601406074977e-02       2.607745421782e+03 
       1.614577740709e-02       2.608505837805e+03 
       1.627753591264e-02       2.609081217070e+03 
       1.640933676669e-02       2.609479436807e+03 
       1.654118049039e-02       2.609831736999e+03 
       1.667306762585e-02       2.609887277158e+03 
       1.680499873624e-02       2.609780935640e+03 
       1.693697440591e-02       2.609503588812e+03 
       1.706899524054e-02       2.609071300671e+03 
       1.720106186732e-02       2.608473546337e+03 
       1.733317493511e-02       2.607718621044e+03 
       1.746533511464e-02       2.606856581029e+03 
       1.759754309872e-02       2.605787897410e+03 
       1.772979960250e-02       2.604571007999e+03 
       1.786210536367e-02       2.603201211979e+03 
       1.799446114277e-02       2.601691050210e+03 
       1.812686772345e-02       2.600026978230e+03 
       1.825932591276e-02       2.598299447743e+03 
       1.839183654148e-02       2.596351797345e+03 
       1.852440046446e-02       2.594269390723e+03 
       1.865701856095e-02       2.592046056676e+03 
       1.878969173496e-02       2.589693073263e+03 
       1.892242091567e-02       2.587201641264e+03 
       1.905520705781e-02       2.584584604775e+03 
       1.918805114207e-02       2.581832607629e+03 
       1.932095417555e-02       2.578986559012e+03 
       1.945391719221e-02       2.575985142060e+03 
       1.958694125334e-02       2.572864696980e+03 
       1.972002744802e-02       2.569618579220e+03 
       1.985317689368e-02       2.566258216979e+03 
       1.998639073657e-02       2.562775990059e+03 
       2.011967015233e-02       2.559183283525e+03 
       2.025301634657e-02       2.555517248496e+03 
       2.038643055542e-02       2.551697357387e+03 
       2.051991404612e-02       2.547770744605e+03 
       2.065346811772e-02       2.543733704062e+03 
       2.078709410163e-02       2.539593666032e+03 
       2.092079336235e-02       2.535347764086e+03 
       2.105456729814e-02       2.531001243505e+03 
       2.118841734170e-02       2.526553889628e+03 
       2.132234496095e-02       2.522009142762e+03 
       2.145635165977e-02       2.517383515410e+03 
       2.159043897876e-02       2.512647832716e+03 
       2.172460849607e-02       2.507817584519e+03 
       2.185886182823e-02       2.502896836593e+03 
       2.199320063098e-02       2.497886759481e+03 
       2.212762660018e-02       2.492788286225e+03 
       2.226214147275e-02       2.487604082170e+03 
       2.239674702752e-02       2.482336132292e+03 
       2.253144508630e-02       2.477010179937e+03 
       2.266623751481e-02       2.471577794752e+03 
       2.280112622376e-02       2.466064986864e+03 
       2.293611316988e-02       2.460476224728e+03 
       2.307120035701e-02       2.454809290218e+03 
       2.320638983728e-02       2.449069673935e+03 
       2.334168371223e-02       2.443255212724e+03 
       2.347708413403e-02       2.437368803834e+03 
       2.361259330671e-02       2.431414747249e+03 
       2.374821348746e-02       2.425399563498e+03 
       2.388394698792e-02       2.419308962627e+03 
       2.401979617558e-02       2.413152081928e+03 
       2.415576347514e-02       2.406932029831e+03 
       2.429185137000e-02       2.400649154915e+03 
       2.442806240374e-02       2.394304269568e+03 
       2.456439918164e-02       2.387899412155e+03 
       2.470086437230e-02       2.381437975922e+03 
       2.483746070930e-02       2.374917743170e+03 
       2.497419099284e-02       2.368343791440e+03 
       2.511105809155e-02       2.361728759908e+03 
       2.524806494427e-02       2.355046784275e+03 
       2.538521456192e-02       2.348313560064e+03 
       2.552251002945e-02       2.341529076700e+03 
       2.565995450781e-02       2.334696078826e+03 
       2.579755123603e-02       2.327816680559e+03 
       2.593530353333e-02       2.320889822683e+03 
       2.607321480135e-02       2.313918866698e+03 
       2.621128852642e-02       2.306903528739e+03 
       2.634952828187e-02       2.299845494851e+03 
       2.648793773053e-02       2.292752527027e+03 
       2.662652062723e-02       2.285612996579e+03 
       2.676528082136e-02       2.278435322211e+03 
       2.690422225963e-02       2.271219380208e+03 
       2.704334898883e-02       2.263966991754e+03 
       2.718266515872e-02       2.256678986061e+03 
       2.732217502505e-02       2.249357394252e+03 
       2.746188295261e-02       2.242001943595e+03 
       2.760179341849e-02       2.234614724654e+03 
       2.774191101540e-02       2.227196701790e+03 
       2.788224045509e-02       2.219756131554e+03 
       2.802278657197e-02       2.212279479236e+03 
       2.816355432680e-02       2.204774597085e+03 
       2.830454881052e-02       2.197242998301e+03 
       2.844577524829e-02       2.189685532007e+03 
       2.858723900358e-02       2.182103661672e+03 
       2.872894558254e-02       2.174497413660e+03 
       2.887090063840e-02       2.166868896134e+03 
       2.901310997613e-02       2.159217994697e+03 
       2.915557955732e-02       2.151546247105e+03 
       2.929831550511e-02       2.143854826842e+03 
       2.944132410945e-02       2.136146600365e+03 
       2.958461183250e-02       2.128417369960e+03 
       2.972818531428e-02       2.120670542429e+03 
       2.987205137855e-02       2.112907581820e+03 
       3.001621703886e-02       2.105128504743e+03 
       3.016068950498e-02       2.097334681699e+03 
       3.030547618947e-02       2.089526814882e+03 
       3.045058471462e-02       2.081705290085e+03 
       3.059602291961e-02       2.073871425010e+03 
       3.074179886802e-02       2.066025710871e+03 
       3.088792085568e-02       2.058168774447e+03 
       3.103439741878e-02       2.050301910029e+03 
       3.118123734244e-02       2.042429004110e+03 
       3.132844966958e-02       2.034543225530e+03 
       3.147604371022e-02       2.026649210464e+03 
       3.162402905117e-02       2.018747883690e+03 
       3.177241556624e-02       2.010839446935e+03 
       3.192121342678e-02       2.002924636011e+03 
       3.207043311282e-02       1.995004375295e+03 
       3.222008542472e-02       1.987078914427e+03 
       3.237018149532e-02       1.979148920776e+03 
       3.252073280265e-02       1.971215268032e+03 
       3.267175118338e-02       1.963277983873e+03 
       3.282324884676e-02       1.955339286192e+03 
       3.297523838931e-02       1.947396894346e+03 
       3.312773281032e-02       1.939452909520e+03 
       3.328074552794e-02       1.931507451385e+03 
       3.343429039626e-02       1.923561212777e+03 
       3.358838172315e-02       1.915614648812e+03 
       3.374303428903e-02       1.907668045717e+03 
       3.389826336670e-02       1.899721969972e+03 
       3.405408474207e-02       1.891776922070e+03 
       3.421051473612e-02       1.883833045706e+03 
       3.436757022796e-02       1.875890847508e+03 
       3.452526867915e-02       1.867950591425e+03 
       3.468362815940e-02       1.860014514720e+03 
       3.484266737361e-02       1.852079303751e+03 
       3.500240569050e-02       1.844147078667e+03 
       3.516286317281e-02       1.836218185714e+03 
       3.532406060927e-02       1.828292732199e+03 
       3.548601954834e-02       1.820371065916e+03 
       3.564876233407e-02       1.812453498060e+03 
       3.581231214390e-02       1.804540080209e+03 
       3.597669302888e-02       1.796631154376e+03 
       3.614192995624e-02       1.788726841623e+03 
       3.630804885460e-02       1.780827188129e+03 
       3.647507666199e-02       1.772932540636e+03 
       3.664304137685e-02       1.765042856151e+03 
       3.681197211234e-02       1.757158832060e+03 
       3.698189915410e-02       1.749279503939e+03 
       3.715285402176e-02       1.741405439915e+03 
       3.732486953459e-02       1.733536752249e+03 
       3.749797988145e-02       1.725673361160e+03 
       3.767222069553e-02       1.717815294802e+03 
       3.784762913424e-02       1.709962618455e+03 
       3.802424396461e-02       1.702115116637e+03 
       3.820210565476e-02       1.694272806354e+03 
       3.838125647189e-02       1.686435606463e+03 
       3.856174058738e-02       1.678603430220e+03 
       3.874360418959e-02       1.670775995817e+03 
       3.892689560516e-02       1.662953782404e+03 
       3.911166542938e-02       1.655135495235e+03 
       3.929796666661e-02       1.647321465742e+03 
       3.948585488170e-02       1.639511434525e+03 
       3.967538836331e-02       1.631705131680e+03 
       3.986662830034e-02       1.623902188101e+03 
       4.005963897285e-02       1.616102281540e+03 
       4.025448795866e-02       1.608305080838e+03 
       4.045124635741e-02       1.600510162878e+03 
       4.064998903379e-02       1.592717049727e+03 
       4.085079488188e-02       1.584925301191e+03 
       4.105374711285e-02       1.577134438216e+03 
       4.125893356855e-02       1.569343747929e+03 
       4.146644706367e-02       1.561552722108e+03 
       4.167638575989e-02       1.553760695092e+03 
       4.188885357523e-02       1.545966996368e+03 
       4.210396063308e-02       1.538170859778e+03 
       4.232182375506e-02       1.530371490595e+03 
       4.254256700332e-02       1.522568038380e+03 
       4.276632227798e-02       1.514759586319e+03 
       4.299322997661e-02       1.506945155421e+03 
       4.322343972353e-02       1.499123715223e+03 
       4.345711117777e-02       1.491294013757e+03 
       4.369441493008e-02       1.483455087808e+03 
       4.393553350076e-02       1.475605560326e+03 
       4.418066245197e-02       1.467744018854e+03 
       4.443001163045e-02       1.459869040545e+03 
       4.468380655909e-02       1.451979048747e+03 
       4.494228999886e-02       1.444072333194e+03 
       4.520572370625e-02       1.436147099801e+03 
       4.547439041582e-02       1.428201418894e+03 
       4.574859608265e-02       1.420233191390e+03 
       4.602867242559e-02       1.412240174023e+03 
       4.631497982028e-02       1.404219772199e+03 
       4.660791059964e-02       1.396169645456e+03 
       4.690789283098e-02       1.388086781377e+03 
       4.721539465280e-02       1.379968073171e+03 
       4.753092927066e-02       1.371810169041e+03 
       4.785506073291e-02       1.363609331964e+03 
       4.818841063205e-02       1.355361555790e+03 
       4.853166590988e-02       1.347062298808e+03 
       4.888558798410e-02       1.338706299528e+03 
       4.925102346372e-02       1.330288830995e+03 
       4.962891678346e-02       1.321803452966e+03 
       5.002032516614e-02       1.313243340834e+03 
       5.042643642217e-02       1.304600800441e+03 
       5.084859022243e-02       1.295867212539e+03 
       5.128830364260e-02       1.287032620892e+03 
       5.174730198345e-02       1.278085509018e+03 
       5.222755613437e-02       1.269013191897e+03 
       5.273132808188e-02       1.259800103434e+03 
       5.326122658610e-02       1.250428241947e+03 
       5.382027557529e-02       1.240876118682e+03 
       5.441199845013e-02       1.231117980599e+03 
       5.504052224453e-02       1.221122074427e+03 
       5.571070641227e-02       1.210850648214e+03 
       5.642830176867e-02       1.200255098426e+03 
       5.720014550021e-02       1.189274471879e+03 
       5.803439748570e-02       1.177830578578e+03 
       5.894082007802e-02       1.165821530943e+03 
       5.993109533311e-02       1.153113788813e+03 
       6.101915564864e-02       1.139528778071e+03 
       6.222146793072e-02       1.124826799042e+03 
       6.355714656883e-02       1.108687461220e+03 
       6.504766683303e-02       1.090682624398e+03 
       6.671581720187e-02       1.070256791112e+03 
       6.858343892146e-02       1.046724761076e+03 
       7.066765079412e-02       1.019313937838e+03 
       7.297594466174e-02       9.872929009384e+02 
       7.550180692627e-02       9.501906734093e+02 
       7.822349440260e-02       9.080644459770e+02 
       8.110764444886e-02       8.616788932706e+02 
       8.411639641416e-02       8.124848509251e+02 
       8.721442399941e-02       7.623804731366e+02 
       9.037307804583e-02       7.133732942256e+02 
       9.357132902133e-02       6.672659527843e+02 
       9.679476150511e-02       6.254416373067e+02 
       1.000339315789e-01       5.887666182134e+02 
       1.032828298253e-01       5.575834198172e+02 
       1.065377016797e-01       5.317680557682e+02 
       1.097962277995e-01       5.108166130628e+02 
       1.130569853050e-01       4.939453626266e+02 
       1.163191048849e-01       4.801907456907e+02 
       1.195820566929e-01       4.685060640643e+02 
       1.228455181850e-01       4.578567128986e+02 
       1.261092930958e-01       4.473088582801e+02 
       1.293732619728e-01       4.361096513558e+02 
       1.326373520517e-01       4.237465183476e+02 
       1.359015189368e-01       4.099782308927e+02 
       1.391657354718e-01       3.948320584684e+02 
       1.424299849793e-01       3.785662625795e+02 
       1.456942571575e-01       3.616087516500e+02 
       1.480253419385e-01       3.493637412611e+02 
       1.489585455873e-01       3.444823079145e+02 
       1.522228462193e-01       3.277286550973e+02 
       1.554871564542e-01       3.118433532022e+02 
       1.587514745834e-01       2.972273239388e+02 
       1.620157994489e-01       2.841559674842e+02 
       1.652801302364e-01       2.727677004911e+02 
       1.685444663479e-01       2.630670823185e+02 
       1.718088073248e-01       2.549399020740e+02 
       1.750731527995e-01       2.481756741555e+02 
       1.783375024665e-01       2.424954916174e+02 
       1.816018560633e-01       2.375817595504e+02 
       1.848662133591e-01       2.331086008109e+02 
       1.881305741469e-01       2.287699140165e+02 
       1.913949382388e-01       2.243535017645e+02 
       1.946593054626e-01       2.196428086815e+02 
       1.979236756592e-01       2.144761404308e+02 
       2.011880486809e-01       2.088071807167e+02 
       2.044524243903e-01       2.026716813279e+02 
       2.077168026591e-01       1.961759759774e+02 
       2.109811833671e-01       1.894771734070e+02 
       2.142455664018e-01       1.827576322398e+02 
       2.175099516575e-01       1.761992428283e+02 
       2.207743390350e-01       1.699614902694e+02 
       2.240387284406e-01       1.641666838290e+02 
       2.273031197864e-01       1.588931858433e+02 
       2.305675129894e-01       1.541751905027e+02 
       2.338319079712e-01       1.500070163787e+02 
       2.370963046578e-01       1.463493799841e+02 
       2.403607029794e-01       1.431362475085e+02 
       2.436251028698e-01       1.402818445778e+02 
       2.468895042663e-01       1.376882188460e+02 
       2.501539071095e-01       1.352533640338e+02 
       2.534183113433e-01       1.328802426020e+02 
       2.566827169142e-01       1.304854526580e+02 
       2.599471237715e-01       1.280062999802e+02 
       2.632115318671e-01       1.254050604380e+02 
       2.664759411553e-01       1.226696190838e+02 
       2.697403515923e-01       1.198109747689e+02 
       2.730047631368e-01       1.168584877541e+02 
       2.762691757493e-01       1.138541957653e+02 
       2.795335893922e-01       1.108472297486e+02 
       2.827980040295e-01       1.078887509665e+02 
       2.860624196271e-01       1.050275405954e+02 
       2.893268361522e-01       1.023058900734e+02 
       2.925912535737e-01       9.975610265101e+01 
       2.958556718617e-01       9.739772586266e+01 
       2.991200909876e-01       9.523609778195e+01 
       3.023845109242e-01       9.326261115152e+01 
       3.056489316454e-01       9.145674007298e+01 
       3.089133531262e-01       8.978946077613e+01 
       3.121777753426e-01       8.822727889958e+01 
       3.154421982716e-01       8.673614433845e+01 
       3.187066218914e-01       8.528457374714e+01 
       3.219710461806e-01       8.384579509794e+01 
       3.252354711192e-01       8.239902501947e+01 
       3.284998966875e-01       8.093016548716e+01 
       3.317643228671e-01       7.943218979412e+01 
       3.350287496398e-01       7.790514736494e+01 
       3.382931769884e-01       7.635574936407e+01 
       3.415576048964e-01       7.479624435095e+01 
       3.448220333478e-01       7.324259875068e+01 
       3.480864623272e-01       7.171219988218e+01 
       3.513508918199e-01       7.022152869179e+01 
       3.546153218116e-01       6.878427774699e+01 
       3.578797522885e-01       6.741022961086e+01 
       3.611441832375e-01       6.610494839071e+01 
       3.644086146459e-01       6.487004181356e+01 
       3.676730465013e-01       6.370371472424e+01 
       3.709374787918e-01       6.260131162732e+01 
       3.742019115061e-01       6.155577310477e+01 
       3.774663446332e-01       6.055809398702e+01 
       3.807307781622e-01       5.959793772228e+01 
       3.839952120830e-01       5.866452407910e+01 
       3.872596463856e-01       5.774772270852e+01 
       3.905240810604e-01       5.683916018589e+01 
       3.937885160980e-01       5.593302750313e+01 
       3.970529514896e-01       5.502641793924e+01 
       4.003173872264e-01       5.411912617446e+01 
       4.035818232999e-01       5.321306184390e+01 
       4.068462597021e-01       5.231151832799e+01 
       4.101106964251e-01       5.141853319104e+01 
       4.133751334613e-01       5.053843803263e+01 
       4.166395708032e-01       4.967557496683e+01 
       4.199040084437e-01       4.883405554942e+01 
       4.231684463759e-01       4.801745856856e+01 
       4.264328845930e-01       4.722844831406e+01 
       4.296973230885e-01       4.646840616430e+01 
       4.329617618562e-01       4.573721775871e+01 
       4.362262008898e-01       4.503333112677e+01 
       4.394906401834e-01       4.435409543194e+01 
       4.427550797313e-01       4.369627782229e+01 
       4.460195195278e-01       4.305658625124e+01 
       4.492839595675e-01       4.243204003435e+01 
       4.525483998452e-01       4.182012189188e+01 
       4.558128403556e-01       4.121874940666e+01 
       4.590772810938e-01       4.062618520248e+01 
       4.623417220551e-01       4.004100153666e+01 
       4.656061632345e-01       3.946215246331e+01 
       4.688706046277e-01       3.888911668361e+01 
       4.721350462301e-01       3.832201239501e+01 
       4.753994880374e-01       3.776158719220e+01 
       4.786639300454e-01       3.720904590565e+01 
       4.819283722501e-01       3.666576432894e+01 
       4.851928146473e-01       3.613299406494e+01 
       4.884572572333e-01       3.561166598862e+01 
       4.917217000043e-01       3.510234481129e+01 
       4.949861429567e-01       3.460530430524e+01 
       4.982505860867e-01       3.412064876372e+01 
       5.015150293910e-01       3.364838115928e+01 
       5.047794728662e-01       3.318837775917e+01 
       5.080439165090e-01       3.274029034025e+01 
       5.113083603161e-01       3.230344840244e+01 
       5.145728042843e-01       3.187684201958e+01 
       5.178372484108e-01       3.145922422708e+01 
       5.211016926924e-01       3.104930714895e+01 
       5.243661371262e-01       3.064597740029e+01 
       5.276305817095e-01       3.024844435741e+01 
       5.308950264394e-01       2.985627161432e+01 
       5.341594713133e-01       2.946930223829e+01 
       5.374239163285e-01       2.908752932699e+01 
       5.406883614825e-01       2.871100196923e+01 
       5.439528067727e-01       2.833979193460e+01 
       5.472172521968e-01       2.797403211226e+01 
       5.504816977522e-01       2.761397409230e+01 
       5.537461434368e-01       2.726000557346e+01 
       5.570105892482e-01       2.691259252181e+01 
       5.602750351841e-01       2.657215757544e+01 
       5.635394812425e-01       2.623894556372e+01 
       5.668039274212e-01       2.591293874346e+01 
       5.700683737181e-01       2.559386224347e+01 
       5.733328201312e-01       2.528127387861e+01 
       5.765972666586e-01       2.497469215485e+01 
       5.798617132982e-01       2.467370262359e+01 
       5.831261600482e-01       2.437799489484e+01 
       5.863906069068e-01       2.408733604861e+01 
       5.896550538721e-01       2.380150219031e+01 
       5.929195009423e-01       2.352022768800e+01 
       5.961839481159e-01       2.324320575415e+01 
       5.994483953909e-01       2.297014316816e+01 
       6.027128427659e-01       2.270083783403e+01 
       6.059772902391e-01       2.243523253441e+01 
       6.092417378091e-01       2.217341162354e+01 
       6.125061854742e-01       2.191553860085e+01 
       6.157706332329e-01       2.166176547406e+01 
       6.190350810837e-01       2.141215882921e+01 
       6.222995290253e-01       2.116667829536e+01 
       6.255639770561e-01       2.092521263138e+01 
       6.288284251747e-01       2.068764676317e+01 
       6.320928733799e-01       2.045392086388e+01 
       6.353573216703e-01       2.022403871663e+01 
       6.386217700445e-01       1.999804046561e+01 
       6.418862185013e-01       1.977593325658e+01 
       6.451506670394e-01       1.955763916704e+01 
       6.484151156576e-01       1.934298308589e+01 
       6.516795643547e-01       1.913172933174e+01 
       6.549440131294e-01       1.892364764529e+01 
       6.582084619807e-01       1.871857339170e+01 
       6.614729109075e-01       1.851643038244e+01 
       6.647373599085e-01       1.831720790229e+01 
       6.680018089827e-01       1.812090912091e+01 
       6.712662581290e-01       1.792750135207e+01 
       6.745307073465e-01       1.773689710901e+01 
       6.777951566339e-01       1.754897586553e+01 
       6.810596059904e-01       1.736363158193e+01 
       6.843240554150e-01       1.718081675782e+01 
       6.875885049066e-01       1.700055727936e+01 
       6.908529544644e-01       1.682292429881e+01 
       6.941174040874e-01       1.664798799104e+01 
       6.973818537746e-01       1.647576491515e+01 
       7.006463035252e-01       1.630619737380e+01 
       7.039107533383e-01       1.613917056978e+01 
       7.071752032130e-01       1.597455661202e+01 
       7.104396531485e-01       1.581226027555e+01 
       7.137041031439e-01       1.565224190810e+01 
       7.169685531984e-01       1.549450602404e+01 
       7.202330033112e-01       1.533906391177e+01 
       7.234974534816e-01       1.518589393233e+01 
       7.267619037087e-01       1.503492252931e+01 
       7.300263539917e-01       1.488603637558e+01 
       7.332908043300e-01       1.473911949798e+01 
       7.365552547228e-01       1.459409250373e+01 
       7.398197051693e-01       1.445093285113e+01 
       7.430841556689e-01       1.430966524660e+01 
       7.463486062209e-01       1.417032765562e+01 
       7.496130568246e-01       1.403293448132e+01 
       7.528775074792e-01       1.389744910544e+01 
       7.561419581842e-01       1.376379957774e+01 
       7.594064089389e-01       1.363190180766e+01 
       7.626708597426e-01       1.350169599617e+01 
       7.659353105947e-01       1.337316631598e+01 
       7.691997614947e-01       1.324633513112e+01 
       7.724642124418e-01       1.312123497572e+01 
       7.757286634356e-01       1.299787468140e+01 
       7.789931144753e-01       1.287621916597e+01 
       8.550289293934e-01       1.043910032113e+01 
       9.673354114048e-01       7.880469685001e+00 
       1.148121549852e+00       5.303803467247e+00 
       1.480253419385e+00       2.916004869184e+00 
