# Matter power spectrum P(k) at redshift z=3
# for k=1.045e-05 to 1.48025 h/Mpc,
# number of wavenumbers equal to 614
#    1:k (h/Mpc)              2:P (Mpc/h)^3        
       1.045004331675e-05       4.979502847815e+00 
       2.333072599361e-05       1.082895244317e+01 
       3.625670508707e-05       1.658744116207e+01 
       4.926275759790e-05       2.231244663169e+01 
       6.238423572406e-05       2.803739151300e+01 
       7.565738207312e-05       3.378775880953e+01 
       8.911965495367e-05       3.958562485406e+01 
       1.028100680716e-04       4.545152632412e+01 
       1.167695489910e-04       5.140542549632e+01 
       1.310413207523e-04       5.746730198489e+01 
       1.456713110468e-04       6.365756996213e+01 
       1.607085932875e-04       6.999740827311e+01 
       1.762058637361e-04       7.650904640234e+01 
       1.922199584784e-04       8.321602923590e+01 
       2.088124133777e-04       9.014347353950e+01 
       2.260500690633e-04       9.731832345143e+01 
       2.440057213375e-04       1.047696086519e+02 
       2.627588149161e-04       1.125287060484e+02 
       2.823961748573e-04       1.206296031751e+02 
       3.030127650707e-04       1.291091586349e+02 
       3.247124565425e-04       1.380073515398e+02 
       3.476087789641e-04       1.473675077830e+02 
       3.718256179324e-04       1.572364859672e+02 
       3.974978055456e-04       1.676647998167e+02 
       4.247715350715e-04       1.787066470239e+02 
       4.538045109487e-04       1.904198070221e+02 
       4.847657250528e-04       2.028653628605e+02 
       5.178347314714e-04       2.161071963912e+02 
       5.532002791011e-04       2.302112032265e+02 
       5.910581600745e-04       2.452441769420e+02 
       6.316081497407e-04       2.612723238110e+02 
       6.750499585980e-04       2.783593930182e+02 
       7.215781946510e-04       2.965644448554e+02 
       7.713764478851e-04       3.159393305416e+02 
       8.246107502248e-04       3.365260177812e+02 
       8.814228162563e-04       3.583539567463e+02 
       9.419236022777e-04       3.814377280091e+02 
       1.006187797053e-03       4.057752312513e+02 
       1.074249843409e-03       4.313466484568e+02 
       1.146101968362e-03       4.581143436178e+02 
       1.221694480906e-03       4.860237514767e+02 
       1.300938320036e-03       5.150051817526e+02 
       1.383709559698e-03       5.449763507275e+02 
       1.469855361218e-03       5.758453745608e+02 
       1.480253419385e-03       5.795490990659e+02 
       1.559200747988e-03       6.075139327138e+02 
       1.651555572415e-03       6.398803346559e+02 
       1.746721133452e-03       6.728422847429e+02 
       1.844496048335e-03       7.062992183514e+02 
       1.944681145073e-03       7.401541574867e+02 
       2.047083290821e-03       7.743138371954e+02 
       2.151518186620e-03       8.086926117420e+02 
       2.257812235183e-03       8.432116088357e+02 
       2.365803628343e-03       8.777980216316e+02 
       2.475342812589e-03       9.123858695747e+02 
       2.586292483858e-03       9.469158453676e+02 
       2.698527244677e-03       9.813350179162e+02 
       2.811933034063e-03       1.015596433352e+03 
       2.926406417555e-03       1.049658652492e+03 
       3.041853803616e-03       1.083485259012e+03 
       3.158190634685e-03       1.117044367168e+03 
       3.275340586615e-03       1.150308150938e+03 
       3.393234798882e-03       1.183252408574e+03 
       3.511811149414e-03       1.215856168839e+03 
       3.631013581680e-03       1.248101338959e+03 
       3.750791487264e-03       1.279972390289e+03 
       3.871099144145e-03       1.311456076211e+03 
       3.991895208938e-03       1.342541177297e+03 
       4.113142260131e-03       1.373218270564e+03 
       4.234806388697e-03       1.403479521520e+03 
       4.356856832133e-03       1.433318498939e+03 
       4.479265647948e-03       1.462730012530e+03 
       4.602007422710e-03       1.491709972764e+03 
       4.725059012998e-03       1.520255270840e+03 
       4.848399314826e-03       1.548363675077e+03 
       4.972009058436e-03       1.576033740622e+03 
       5.095870625625e-03       1.603264726180e+03 
       5.219967887054e-03       1.630056517719e+03 
       5.344286057266e-03       1.656409378755e+03 
       5.468811565398e-03       1.682324337801e+03 
       5.593531939772e-03       1.707802809291e+03 
       5.718435704780e-03       1.732846494766e+03 
       5.843512288665e-03       1.757457404115e+03 
       5.968751940944e-03       1.781637810642e+03 
       6.094145658389e-03       1.805390215259e+03 
       6.219685118596e-03       1.828717315996e+03 
       6.345362620294e-03       1.851621984577e+03 
       6.471171029640e-03       1.874107248555e+03 
       6.597103731855e-03       1.896176264475e+03 
       6.723154587592e-03       1.917832309537e+03 
       6.849317893550e-03       1.939078766348e+03 
       6.975588346855e-03       1.959919109838e+03 
       7.101961012828e-03       1.980356897148e+03 
       7.228431295766e-03       2.000395757675e+03 
       7.354994912431e-03       2.020039383431e+03 
       7.481647867970e-03       2.039291520318e+03 
       7.608386434013e-03       2.058155957875e+03 
       7.735207128726e-03       2.076636518894e+03 
       7.862106698634e-03       2.094737048563e+03 
       7.989082102032e-03       2.112461403185e+03 
       8.116130493827e-03       2.129813441140e+03 
       8.243249211680e-03       2.146797013921e+03 
       8.370435763319e-03       2.163415957699e+03 
       8.497687814907e-03       2.179674100234e+03 
       8.625003180384e-03       2.195575219529e+03 
       8.752379811670e-03       2.211123464345e+03 
       8.879815789666e-03       2.226322604961e+03 
       9.007309315980e-03       2.241176012548e+03 
       9.134858705302e-03       2.255687378808e+03 
       9.262462378385e-03       2.269860425509e+03 
       9.390118855567e-03       2.283698839000e+03 
       9.517826750797e-03       2.297206293657e+03 
       9.645584766117e-03       2.310386443832e+03 
       9.773391686553e-03       2.323242925449e+03 
       9.901246375407e-03       2.335779353973e+03 
       1.002914776988e-02       2.347999321979e+03 
       1.015709487703e-02       2.359906397096e+03 
       1.028508677003e-02       2.371504118845e+03 
       1.041312258469e-02       2.382795996121e+03 
       1.054120151621e-02       2.393785504830e+03 
       1.066932281624e-02       2.404476085908e+03 
       1.079748579006e-02       2.414871144010e+03 
       1.092568979398e-02       2.424974046929e+03 
       1.105393423302e-02       2.434788126055e+03 
       1.118221855859e-02       2.444316677185e+03 
       1.131054226648e-02       2.453562962392e+03 
       1.143890489490e-02       2.462530212221e+03 
       1.156730602272e-02       2.471221628321e+03 
       1.169574526775e-02       2.479640385904e+03 
       1.182422228523e-02       2.487789636222e+03 
       1.195273676639e-02       2.495672508381e+03 
       1.208128843707e-02       2.503292111171e+03 
       1.220987705651e-02       2.510651532677e+03 
       1.233850241618e-02       2.517753840466e+03 
       1.246716433868e-02       2.524602080422e+03 
       1.259586267677e-02       2.531199274927e+03 
       1.272459731242e-02       2.537548420535e+03 
       1.285336815598e-02       2.543652485468e+03 
       1.298217514531e-02       2.549514407133e+03 
       1.311101824513e-02       2.555137090032e+03 
       1.323989744627e-02       2.560523404326e+03 
       1.336881276509e-02       2.565676185411e+03 
       1.349776424286e-02       2.570598234626e+03 
       1.362675194522e-02       2.575292321972e+03 
       1.375577596176e-02       2.579761202485e+03 
       1.388483640548e-02       2.584007517081e+03 
       1.401393341244e-02       2.588034056386e+03 
       1.414306714138e-02       2.591843445910e+03 
       1.427223777338e-02       2.595438350461e+03 
       1.440144551155e-02       2.598821423370e+03 
       1.453069058078e-02       2.601995310787e+03 
       1.465997322750e-02       2.604962654097e+03 
       1.478929371944e-02       2.607726089460e+03 
       1.480253419385e-02       2.607997576741e+03 
       1.491865234551e-02       2.610288251724e+03 
       1.504804941560e-02       2.612651776944e+03 
       1.517748526046e-02       2.614819302905e+03 
       1.530696023162e-02       2.616793480596e+03 
       1.543647470129e-02       2.618576961397e+03 
       1.556602906232e-02       2.620172314034e+03 
       1.569562372816e-02       2.621581866442e+03 
       1.582525913285e-02       2.622807699614e+03 
       1.595493573103e-02       2.623851934773e+03 
       1.608465399799e-02       2.624716919376e+03 
       1.621441442969e-02       2.625405124056e+03 
       1.634421754286e-02       2.625919010374e+03 
       1.647406387506e-02       2.626260988611e+03 
       1.660395398481e-02       2.626433422157e+03 
       1.673388845172e-02       2.626438639471e+03 
       1.686386787662e-02       2.626278942615e+03 
       1.699389288173e-02       2.625956612031e+03 
       1.712396411083e-02       2.625473909041e+03 
       1.725408222946e-02       2.624833077100e+03 
       1.738424792516e-02       2.624036342454e+03 
       1.751446190764e-02       2.623085914524e+03 
       1.764472490909e-02       2.621983986188e+03 
       1.777503768443e-02       2.620732733763e+03 
       1.790540101154e-02       2.619334317436e+03 
       1.803581569163e-02       2.617790881192e+03 
       1.816628254951e-02       2.616104552951e+03 
       1.829680243392e-02       2.614277444718e+03 
       1.842737621790e-02       2.612311652616e+03 
       1.855800479914e-02       2.610209257059e+03 
       1.868868910034e-02       2.607972322694e+03 
       1.881943006967e-02       2.605602898683e+03 
       1.895022868111e-02       2.603103018547e+03 
       1.908108593492e-02       2.600474700427e+03 
       1.921200285811e-02       2.597719947049e+03 
       1.934298050486e-02       2.594840745769e+03 
       1.947401995704e-02       2.591839068744e+03 
       1.960512232470e-02       2.588716872825e+03 
       1.973628874659e-02       2.585476099746e+03 
       1.986752039073e-02       2.582118676075e+03 
       1.999881845493e-02       2.578646513222e+03 
       2.013018416739e-02       2.575061507645e+03 
       2.026161878730e-02       2.571365540706e+03 
       2.039312360546e-02       2.567560478773e+03 
       2.052469994492e-02       2.563648173299e+03 
       2.065634916166e-02       2.559630460731e+03 
       2.078807264523e-02       2.555509162554e+03 
       2.091987181952e-02       2.551286085412e+03 
       2.105174814343e-02       2.546963021038e+03 
       2.118370311166e-02       2.542541746250e+03 
       2.131573825550e-02       2.538024023026e+03 
       2.144785514358e-02       2.533411598502e+03 
       2.158005538274e-02       2.528706204817e+03 
       2.171234061890e-02       2.523909559402e+03 
       2.184471253787e-02       2.519023364820e+03 
       2.197717286635e-02       2.514049308694e+03 
       2.210972337279e-02       2.508989063834e+03 
       2.224236586841e-02       2.503844288239e+03 
       2.237510220817e-02       2.498616624937e+03 
       2.250793429180e-02       2.493307702208e+03 
       2.264086406488e-02       2.487919133355e+03 
       2.277389351989e-02       2.482452516826e+03 
       2.290702469741e-02       2.476909436234e+03 
       2.304025968720e-02       2.471291460214e+03 
       2.317360062946e-02       2.465600142446e+03 
       2.330704971605e-02       2.459837021771e+03 
       2.344060919175e-02       2.454003622120e+03 
       2.357428135561e-02       2.448101452344e+03 
       2.370806856226e-02       2.442132006348e+03 
       2.384197322337e-02       2.436096763146e+03 
       2.397599780905e-02       2.429997186723e+03 
       2.411014484936e-02       2.423834725907e+03 
       2.424441693586e-02       2.417610814664e+03 
       2.437881672317e-02       2.411326871876e+03 
       2.451334693065e-02       2.404984301327e+03 
       2.464801034406e-02       2.398584491703e+03 
       2.478280981734e-02       2.392128816618e+03 
       2.491774827438e-02       2.385618634588e+03 
       2.505282871093e-02       2.379055289012e+03 
       2.518805419648e-02       2.372440108112e+03 
       2.532342787632e-02       2.365774404876e+03 
       2.545895297351e-02       2.359059477227e+03 
       2.559463279109e-02       2.352296607882e+03 
       2.573047071425e-02       2.345487064274e+03 
       2.586647021256e-02       2.338632098602e+03 
       2.600263484242e-02       2.331732947890e+03 
       2.613896824939e-02       2.324790833894e+03 
       2.627547417078e-02       2.317806963042e+03 
       2.641215643823e-02       2.310782526441e+03 
       2.654901898039e-02       2.303718699930e+03 
       2.668606582576e-02       2.296616644082e+03 
       2.682330110552e-02       2.289477504024e+03 
       2.696072905656e-02       2.282302409623e+03 
       2.709835402458e-02       2.275092475340e+03 
       2.723618046729e-02       2.267848800212e+03 
       2.737421295776e-02       2.260572467902e+03 
       2.751245618784e-02       2.253264546710e+03 
       2.765091497179e-02       2.245926089472e+03 
       2.778959424992e-02       2.238558133534e+03 
       2.792849909254e-02       2.231161700885e+03 
       2.806763470385e-02       2.223737798011e+03 
       2.820700642619e-02       2.216287415873e+03 
       2.834661974426e-02       2.208811529989e+03 
       2.848648028966e-02       2.201311100336e+03 
       2.862659384551e-02       2.193787071414e+03 
       2.876696635130e-02       2.186240372122e+03 
       2.890760390786e-02       2.178671915792e+03 
       2.904851278265e-02       2.171082600343e+03 
       2.918969941515e-02       2.163473307912e+03 
       2.933117042251e-02       2.155844905093e+03 
       2.947293260545e-02       2.148198242987e+03 
       2.961499295437e-02       2.140534156919e+03 
       2.975735865572e-02       2.132853466585e+03 
       2.990003709866e-02       2.125156976039e+03 
       3.004303588194e-02       2.117445473669e+03 
       3.018636282119e-02       2.109719732105e+03 
       3.033002595637e-02       2.101980508178e+03 
       3.047403355964e-02       2.094228543102e+03 
       3.061839414359e-02       2.086464562236e+03 
       3.076311646975e-02       2.078689275032e+03 
       3.090820955753e-02       2.070903375249e+03 
       3.105368269356e-02       2.063107540668e+03 
       3.119954544143e-02       2.055302433239e+03 
       3.134580765191e-02       2.047488698867e+03 
       3.149247947357e-02       2.039666967509e+03 
       3.163957136401e-02       2.031837853205e+03 
       3.178709410145e-02       2.024001953725e+03 
       3.193505879707e-02       2.016159850856e+03 
       3.208347690775e-02       2.008312110163e+03 
       3.223236024953e-02       2.000459281038e+03 
       3.238172101172e-02       1.992601896501e+03 
       3.253157177166e-02       1.984740473226e+03 
       3.268192551026e-02       1.976875511563e+03 
       3.283279562825e-02       1.969007495260e+03 
       3.298419596337e-02       1.961136891561e+03 
       3.313614080830e-02       1.953264150926e+03 
       3.328864492961e-02       1.945389707193e+03 
       3.344172358768e-02       1.937513977349e+03 
       3.359539255764e-02       1.929637361282e+03 
       3.374966815148e-02       1.921760241863e+03 
       3.390456724127e-02       1.913882984887e+03 
       3.406010728374e-02       1.906005938611e+03 
       3.421630634615e-02       1.898129433943e+03 
       3.437318313360e-02       1.890253784207e+03 
       3.453075701790e-02       1.882379284797e+03 
       3.468904806806e-02       1.874506213249e+03 
       3.484807708258e-02       1.866634828940e+03 
       3.500786562352e-02       1.858765372801e+03 
       3.516843605269e-02       1.850898067381e+03 
       3.532981156994e-02       1.843033116204e+03 
       3.549201625372e-02       1.835170703969e+03 
       3.565507510415e-02       1.827310995892e+03 
       3.581901408879e-02       1.819454137716e+03 
       3.598386019117e-02       1.811600255242e+03 
       3.614964146245e-02       1.803749454051e+03 
       3.631638707639e-02       1.795901819144e+03 
       3.648412738783e-02       1.788057414507e+03 
       3.665289399505e-02       1.780216282836e+03 
       3.682271980626e-02       1.772378445218e+03 
       3.699363911056e-02       1.764543900248e+03 
       3.716568765374e-02       1.756712623780e+03 
       3.733890271931e-02       1.748884568582e+03 
       3.751332321522e-02       1.741059663461e+03 
       3.768898976676e-02       1.733237812806e+03 
       3.786594481603e-02       1.725418895831e+03 
       3.804423272885e-02       1.717602765865e+03 
       3.822389990941e-02       1.709789249874e+03 
       3.840499492362e-02       1.701978147138e+03 
       3.858756863186e-02       1.694169228773e+03 
       3.877167433191e-02       1.686362236579e+03 
       3.895736791323e-02       1.678556882095e+03 
       3.914470802333e-02       1.670752845444e+03 
       3.933375624782e-02       1.662949774244e+03 
       3.952457730504e-02       1.655147281743e+03 
       3.971723925706e-02       1.647344946478e+03 
       3.991181373853e-02       1.639542309847e+03 
       4.010837620519e-02       1.631738874643e+03 
       4.030700620423e-02       1.623934103603e+03 
       4.050778766864e-02       1.616127417092e+03 
       4.071080923827e-02       1.608318191145e+03 
       4.091616461046e-02       1.600505754970e+03 
       4.112395292348e-02       1.592689388783e+03 
       4.133427917665e-02       1.584868320745e+03 
       4.154725469119e-02       1.577041723930e+03 
       4.176299761670e-02       1.569208713141e+03 
       4.198163348873e-02       1.561368341320e+03 
       4.220329584354e-02       1.553519595495e+03 
       4.242812689728e-02       1.545661392176e+03 
       4.265627829772e-02       1.537792572691e+03 
       4.288791195781e-02       1.529911897861e+03 
       4.312320098187e-02       1.522018041834e+03 
       4.336233069694e-02       1.514109585530e+03 
       4.360549980358e-02       1.506185009149e+03 
       4.385292166280e-02       1.498242684023e+03 
       4.410482573884e-02       1.490280863090e+03 
       4.436145922012e-02       1.482297670821e+03 
       4.462308884540e-02       1.474291091211e+03 
       4.489000296614e-02       1.466258954260e+03 
       4.516251388210e-02       1.458198921287e+03 
       4.544096049374e-02       1.450108467406e+03 
       4.572571132330e-02       1.441984861813e+03 
       4.601716796618e-02       1.433825145256e+03 
       4.631576904658e-02       1.425626103692e+03 
       4.662199476580e-02       1.417384238230e+03 
       4.693637215033e-02       1.409095729570e+03 
       4.725948112867e-02       1.400756396615e+03 
       4.759196159423e-02       1.392361647942e+03 
       4.793452164588e-02       1.383906423790e+03 
       4.828794724132e-02       1.375385127235e+03 
       4.865311355237e-02       1.366791541603e+03 
       4.903099838007e-02       1.358118730455e+03 
       4.942269807368e-02       1.349358915654e+03 
       4.982944650745e-02       1.340503328331e+03 
       5.025263780851e-02       1.331542023328e+03 
       5.069385370708e-02       1.322463648603e+03 
       5.115489660655e-02       1.313255153560e+03 
       5.163782975982e-02       1.303901418932e+03 
       5.214502630362e-02       1.294384779872e+03 
       5.267922936270e-02       1.284684406795e+03 
       5.324362600392e-02       1.274775492831e+03 
       5.384193850513e-02       1.264628173740e+03 
       5.447853718526e-02       1.254206078785e+03 
       5.515857984820e-02       1.243464363903e+03 
       5.588818352856e-02       1.232347015834e+03 
       5.667463425160e-02       1.220783124411e+03 
       5.752663901160e-02       1.208681696657e+03 
       5.845461930489e-02       1.195924424231e+03 
       5.947103389605e-02       1.182355641728e+03 
       6.059069403562e-02       1.167768604926e+03 
       6.183098768737e-02       1.151887398679e+03 
       6.321184898756e-02       1.134344806786e+03 
       6.475519055400e-02       1.114659395030e+03 
       6.648338939613e-02       1.092221510639e+03 
       6.841640191310e-02       1.066308837587e+03 
       7.056743434870e-02       1.036163722250e+03 
       7.293806409571e-02       1.001161434995e+03 
       7.551500328715e-02       9.610574797227e+02 
       7.827098160090e-02       9.162253209643e+02 
       8.117020991231e-02       8.677497485934e+02 
       8.417581547765e-02       8.173007505147e+02 
       8.725568247887e-02       7.668404934266e+02 
       9.038501838016e-02       7.182908002496e+02 
       9.354623585568e-02       6.732666055967e+02 
       9.672755086227e-02       6.329182820032e+02 
       9.992135636525e-02       5.978777142708e+02 
       1.031228566734e-01       5.682815079097e+02 
       1.063290727998e-01       5.438411107006e+02 
       1.095381709950e-01       5.239350814051e+02 
       1.127490286628e-01       5.077077105185e+02 
       1.159609607884e-01       4.941667679271e+02 
       1.191735501220e-01       4.822785193418e+02 
       1.223865427219e-01       4.710591122667e+02 
       1.255997840531e-01       4.596588629718e+02 
       1.288131800238e-01       4.474322550898e+02 
       1.320266732744e-01       4.339845034952e+02 
       1.352402287653e-01       4.191872054877e+02 
       1.384538250228e-01       4.031606957653e+02 
       1.416674488223e-01       3.862273332348e+02 
       1.448810919609e-01       3.688453360645e+02 
       1.480253419385e-01       3.519046783084e+02 
       1.480947492966e-01       3.515352369813e+02 
       1.513084175585e-01       3.348102704293e+02 
       1.545220946221e-01       3.191190365475e+02 
       1.577357790698e-01       3.048050339546e+02 
       1.609494699229e-01       2.920842177147e+02 
       1.641631664775e-01       2.810391617632e+02 
       1.673768682048e-01       2.716268648117e+02 
       1.705905746899e-01       2.636966229648e+02 
       1.738042855934e-01       2.570144929353e+02 
       1.770180006280e-01       2.512914134962e+02 
       1.802317195438e-01       2.462126244721e+02 
       1.834454421186e-01       2.414835484166e+02 
       1.866591681519e-01       2.368539820943e+02 
       1.898728974604e-01       2.320369986957e+02 
       1.930866298756e-01       2.268601278972e+02 
       1.963003652414e-01       2.212316072287e+02 
       1.995141034128e-01       2.151445225722e+02 
       2.027278442543e-01       2.086691320030e+02 
       2.059415876397e-01       2.019341736920e+02 
       2.091553334503e-01       1.951015076887e+02 
       2.123690815751e-01       1.883402074535e+02 
       2.155828319096e-01       1.818054828070e+02 
       2.187965843559e-01       1.756251654021e+02 
       2.220103388214e-01       1.698934186378e+02 
       2.252240952191e-01       1.646692764540e+02 
       2.284378534668e-01       1.599773644108e+02 
       2.316516134870e-01       1.558092239471e+02 
       2.348653752065e-01       1.521252782929e+02 
       2.380791385559e-01       1.488584929093e+02 
       2.412929034697e-01       1.459208016395e+02 
       2.445066698859e-01       1.432124277846e+02 
       2.477204377455e-01       1.406328914289e+02 
       2.509342069928e-01       1.380916469137e+02 
       2.541479775748e-01       1.355162322447e+02 
       2.573617494411e-01       1.328567170379e+02 
       2.605755225441e-01       1.300865190115e+02 
       2.637892968381e-01       1.272006831685e+02 
       2.670030722799e-01       1.242129613259e+02 
       2.702168488283e-01       1.211525490176e+02 
       2.734306264442e-01       1.180605485340e+02 
       2.766444050900e-01       1.149857434632e+02 
       2.798581847301e-01       1.119793716238e+02 
       2.830719653304e-01       1.090891981366e+02 
       2.862857468584e-01       1.063538615979e+02 
       2.894995292831e-01       1.037987279345e+02 
       2.927133125747e-01       1.014341795978e+02 
       2.959270967049e-01       9.925649542114e+01 
       2.991408816464e-01       9.725066352037e+01 
       3.023546673734e-01       9.539400004947e+01 
       3.055684538607e-01       9.365950369169e+01 
       3.087822410847e-01       9.201837849440e+01 
       3.119960290224e-01       9.044178377717e+01 
       3.152098176518e-01       8.890229345443e+01 
       3.184236069520e-01       8.737553092248e+01 
       3.216373969027e-01       8.584208976807e+01 
       3.248511874845e-01       8.428936245045e+01 
       3.280649786788e-01       8.271264599099e+01 
       3.312787704677e-01       8.111499869097e+01 
       3.344925628339e-01       7.950577729928e+01 
       3.377063557609e-01       7.789828245521e+01 
       3.409201492327e-01       7.630726113203e+01 
       3.441339432341e-01       7.474691893621e+01 
       3.473477377502e-01       7.322975908979e+01 
       3.505615327668e-01       7.176610026946e+01 
       3.537753282703e-01       7.036387853174e+01 
       3.569891242474e-01       6.902835690733e+01 
       3.602029206854e-01       6.776163593601e+01 
       3.634167175719e-01       6.656217627006e+01 
       3.666305148953e-01       6.542470130816e+01 
       3.698443126439e-01       6.434076489051e+01 
       3.730581108069e-01       6.329998592746e+01 
       3.762719093734e-01       6.229163573277e+01 
       3.794857083333e-01       6.130609770868e+01 
       3.826995076766e-01       6.033579275685e+01 
       3.859133073936e-01       5.937542482250e+01 
       3.891271074751e-01       5.842170894093e+01 
       3.923409079120e-01       5.747292531391e+01 
       3.955547086957e-01       5.652861359289e+01 
       3.987685098178e-01       5.558952115813e+01 
       4.019823112700e-01       5.465768360985e+01 
       4.051961130446e-01       5.373638748358e+01 
       4.084099151339e-01       5.282981865094e+01 
       4.116237175304e-01       5.194238788638e+01 
       4.148375202270e-01       5.107793148162e+01 
       4.180513232168e-01       5.023908029569e+01 
       4.212651264930e-01       4.942702129865e+01 
       4.244789300491e-01       4.864168527004e+01 
       4.276927338788e-01       4.788219359405e+01 
       4.309065379758e-01       4.714729907506e+01 
       4.341203423344e-01       4.643560763163e+01 
       4.373341469486e-01       4.574553232945e+01 
       4.405479518128e-01       4.507510615593e+01 
       4.437617569217e-01       4.442186465135e+01 
       4.469755622698e-01       4.378296161651e+01 
       4.501893678522e-01       4.315553335506e+01 
       4.534031736637e-01       4.253717209690e+01 
       4.566169796995e-01       4.192629745186e+01 
       4.598307859549e-01       4.132226426982e+01 
       4.630445924253e-01       4.072518238242e+01 
       4.662583991062e-01       4.013557908262e+01 
       4.694722059934e-01       3.955407988245e+01 
       4.726860130825e-01       3.898126421975e+01 
       4.758998203695e-01       3.841771503149e+01 
       4.791136278504e-01       3.786416210730e+01 
       4.823274355213e-01       3.732156443694e+01 
       4.855412433784e-01       3.679102146990e+01 
       4.887550514180e-01       3.627351680116e+01 
       4.919688596366e-01       3.576960783892e+01 
       4.951826680306e-01       3.527921607672e+01 
       4.983964765966e-01       3.480162886722e+01 
       5.016102853313e-01       3.433570985668e+01 
       5.048240942316e-01       3.388021211209e+01 
       5.080379032941e-01       3.343404381070e+01 
       5.112517125160e-01       3.299637767719e+01 
       5.144655218941e-01       3.256659190849e+01 
       5.176793314255e-01       3.214412624929e+01 
       5.208931411075e-01       3.172837434008e+01 
       5.241069509372e-01       3.131869734245e+01 
       5.273207609118e-01       3.091455760766e+01 
       5.305345710289e-01       3.051568986210e+01 
       5.337483812858e-01       3.012219808354e+01 
       5.369621916799e-01       2.973450829696e+01 
       5.401760022089e-01       2.935318679313e+01 
       5.433898128703e-01       2.897871234409e+01 
       5.466036236617e-01       2.861131385533e+01 
       5.498174345810e-01       2.825094575948e+01 
       5.530312456258e-01       2.789739541338e+01 
       5.562450567939e-01       2.755044550165e+01 
       5.594588680834e-01       2.720999061785e+01 
       5.626726794919e-01       2.687604294477e+01 
       5.658864910176e-01       2.654863237418e+01 
       5.691003026585e-01       2.622767018391e+01 
       5.723141144125e-01       2.591286502637e+01 
       5.755279262778e-01       2.560374668951e+01 
       5.787417382525e-01       2.529978746671e+01 
       5.819555503348e-01       2.500055410663e+01 
       5.851693625230e-01       2.470580716135e+01 
       5.883831748152e-01       2.441549709083e+01 
       5.915969872099e-01       2.412966768156e+01 
       5.948107997052e-01       2.384832944151e+01 
       5.980246122997e-01       2.357137937567e+01 
       6.012384249917e-01       2.329861170888e+01 
       6.044522377796e-01       2.302980867551e+01 
       6.076660506619e-01       2.276485139944e+01 
       6.108798636372e-01       2.250378141367e+01 
       6.140936767039e-01       2.224677330173e+01 
       6.173074898607e-01       2.199403217271e+01 
       6.205213031061e-01       2.174567354117e+01 
       6.237351164387e-01       2.150165179353e+01 
       6.269489298572e-01       2.126177427124e+01 
       6.301627433604e-01       2.102578779594e+01 
       6.333765569468e-01       2.079348494925e+01 
       6.365903706153e-01       2.056476830480e+01 
       6.398041843646e-01       2.033963941943e+01 
       6.430179981934e-01       2.011812491221e+01 
       6.462318121006e-01       1.990018879415e+01 
       6.494456260851e-01       1.968568586754e+01 
       6.526594401456e-01       1.947438479042e+01 
       6.558732542812e-01       1.926604704385e+01 
       6.590870684905e-01       1.906051505470e+01 
       6.623008827727e-01       1.885775753238e+01 
       6.655146971265e-01       1.865784696362e+01 
       6.687285115511e-01       1.846088374838e+01 
       6.719423260453e-01       1.826691210255e+01 
       6.751561406082e-01       1.807587534419e+01 
       6.783699552389e-01       1.788763439179e+01 
       6.815837699362e-01       1.770203522025e+01 
       6.847975846993e-01       1.751898265639e+01 
       6.880113995273e-01       1.733847630355e+01 
       6.912252144193e-01       1.716058842082e+01 
       6.944390293744e-01       1.698539755196e+01 
       6.976528443916e-01       1.681291815507e+01 
       7.008666594702e-01       1.664306753210e+01 
       7.040804746093e-01       1.647568832267e+01 
       7.072942898081e-01       1.631061186033e+01 
       7.105081050657e-01       1.614772502634e+01 
       7.137219203814e-01       1.598700176290e+01 
       7.169357357544e-01       1.582848282354e+01 
       7.201495511839e-01       1.567221841250e+01 
       7.233633666691e-01       1.551820862522e+01 
       7.265771822094e-01       1.536637746579e+01 
       7.297909978039e-01       1.521659496171e+01 
       7.330048134521e-01       1.506873254522e+01 
       7.362186291531e-01       1.492271822857e+01 
       7.394324449063e-01       1.477855918622e+01 
       7.426462607109e-01       1.463631814453e+01 
       7.458600765665e-01       1.449605935139e+01 
       7.490738924722e-01       1.435779557132e+01 
       7.522877084274e-01       1.422146640180e+01 
       7.555015244315e-01       1.408696044704e+01 
       7.587153404839e-01       1.395416567192e+01 
       7.619291565840e-01       1.382301797142e+01 
       7.651429727311e-01       1.369352033532e+01 
       7.683567889247e-01       1.356572088889e+01 
       7.715706051642e-01       1.343966553001e+01 
       7.747844214491e-01       1.331535332747e+01 
       7.779982377786e-01       1.319272012012e+01 
       8.574370654516e-01       1.060019119620e+01 
       9.767917452787e-01       7.878201538869e+00 
       1.170115692020e+00       5.190364551287e+00 
       1.480253419385e+00       2.985310744499e+00 
