# Matter power spectrum P(k) at redshift z=3
# for k=1.0432e-05 to 1.4771 h/Mpc,
# number of wavenumbers equal to 615
#    1:k (h/Mpc)              2:P (Mpc/h)^3        
       1.043203858107e-05       5.012950456908e+00 
       2.328315204787e-05       1.089835170470e+01 
       3.617926703236e-05       1.669218112948e+01 
       4.915492074565e-05       2.245218169520e+01 
       6.224521917242e-05       2.821190738939e+01 
       7.548614865817e-05       3.399692442702e+01 
       8.891489741750e-05       3.982936861955e+01 
       1.025701912212e-04       4.572982187788e+01 
       1.164926475528e-04       5.171828175242e+01 
       1.307251525583e-04       5.781475521099e+01 
       1.453132651205e-04       6.403967676985e+01 
       1.603056523308e-04       7.041423887741e+01 
       1.757545604614e-04       7.696067774522e+01 
       1.917163251809e-04       8.370253769769e+01 
       2.082519241161e-04       9.066492704051e+01 
       2.254275738213e-04       9.787477280850e+01 
       2.433153715917e-04       1.053610781160e+02 
       2.619939801591e-04       1.131551830249e+02 
       2.815493498527e-04       1.212910272293e+02 
       3.020754679847e-04       1.298054100278e+02 
       3.236751186533e-04       1.387382397313e+02 
       3.464606274615e-04       1.481327606064e+02 
       3.705545544365e-04       1.580357405216e+02 
       3.960902844687e-04       1.684975965694e+02 
       4.232124478609e-04       1.795724291457e+02 
       4.520770845790e-04       1.913179275916e+02 
       4.828514458248e-04       2.037951032131e+02 
       5.157133080066e-04       2.170677994556e+02 
       5.508496610418e-04       2.312019260416e+02 
       5.884546307988e-04       2.462643664429e+02 
       6.287265115730e-04       2.623215191432e+02 
       6.718638265552e-04       2.794374557821e+02 
       7.180604087666e-04       2.976717155804e+02 
       7.674996040233e-04       3.170768053250e+02 
       8.203478352418e-04       3.376955337566e+02 
       8.767479168163e-04       3.595583696871e+02 
       9.368126403514e-04       3.826810612167e+02 
       1.000619232897e-03       4.070627733964e+02 
       1.068205282467e-03       4.326849804743e+02 
       1.139566614567e-03       4.595112814937e+02 
       1.214657395288e-03       4.874882020041e+02 
       1.293392467458e-03       5.165469200745e+02 
       1.375651652786e-03       5.466057390764e+02 
       1.461285533513e-03       5.775730486502e+02 
       1.477104874446e-03       5.832576107313e+02 
       1.550122103637e-03       6.093504843499e+02 
       1.641973665542e-03       6.418360163536e+02 
       1.736643427390e-03       6.749267557154e+02 
       1.833931395810e-03       7.085213431098e+02 
       1.933639318376e-03       7.425218603202e+02 
       2.035574578769e-03       7.768341422119e+02 
       2.139553064713e-03       8.113711924850e+02 
       2.245401107565e-03       8.460531844535e+02 
       2.352956635180e-03       8.808062335803e+02 
       2.462069693831e-03       9.155633134386e+02 
       2.572602489471e-03       9.502641126858e+02 
       2.684429081734e-03       9.848547425215e+02 
       2.797434842078e-03       1.019287338520e+03 
       2.911515764700e-03       1.053519596886e+03 
       3.026577697804e-03       1.087514280916e+03 
       3.142535544777e-03       1.121238727771e+03 
       3.259312470077e-03       1.154664378409e+03 
       3.376839133155e-03       1.187766345169e+03 
       3.495052964991e-03       1.220523023280e+03 
       3.613897495467e-03       1.252915745783e+03 
       3.733321735250e-03       1.284928476769e+03 
       3.853279612739e-03       1.316547536093e+03 
       3.973729464574e-03       1.347761349122e+03 
       4.094633576930e-03       1.378560217127e+03 
       4.215957774096e-03       1.408936106245e+03 
       4.337671050471e-03       1.438882454907e+03 
       4.459745242077e-03       1.468394000446e+03 
       4.582154733718e-03       1.497466625419e+03 
       4.704876198151e-03       1.526097223152e+03 
       4.827888363871e-03       1.554283580784e+03 
       4.951171808382e-03       1.582024277206e+03 
       5.074708774131e-03       1.609318592936e+03 
       5.198483004554e-03       1.636166429405e+03 
       5.322479597941e-03       1.662568079509e+03 
       5.446684877104e-03       1.688524538368e+03 
       5.571086273028e-03       1.714037253731e+03 
       5.695672220905e-03       1.739107950392e+03 
       5.820432067149e-03       1.763738680349e+03 
       5.945355986129e-03       1.787931784554e+03 
       6.070434905525e-03       1.811689860742e+03 
       6.195660439339e-03       1.835015735349e+03 
       6.321024827702e-03       1.857912438088e+03 
       6.446520882713e-03       1.880383181487e+03 
       6.572141939663e-03       1.902431327710e+03 
       6.697881813039e-03       1.924060371912e+03 
       6.823734756800e-03       1.945273919983e+03 
       6.949695428464e-03       1.966075667686e+03 
       7.075758856596e-03       1.986469384203e+03 
       7.201920411352e-03       2.006458897859e+03 
       7.328175777742e-03       2.026048084814e+03 
       7.454520931348e-03       2.045240860913e+03 
       7.580952116239e-03       2.064041173860e+03 
       7.707465824866e-03       2.082452997741e+03 
       7.834058779723e-03       2.100480327031e+03 
       7.960727916633e-03       2.118127170928e+03 
       8.087470369457e-03       2.135397548380e+03 
       8.214283456127e-03       2.152295482142e+03 
       8.341164665854e-03       2.168824994965e+03 
       8.468111647407e-03       2.184990103823e+03 
       8.595122198359e-03       2.200794803827e+03 
       8.722194255221e-03       2.216243352063e+03 
       8.849325884365e-03       2.231339985209e+03 
       8.976515273687e-03       2.246088082344e+03 
       9.103760724920e-03       2.260491597749e+03 
       9.231060646559e-03       2.274554443339e+03 
       9.358413547335e-03       2.288280500476e+03 
       9.485818030190e-03       2.301673620210e+03 
       9.613272786715e-03       2.314737622958e+03 
       9.740776592010e-03       2.327476297518e+03 
       9.868328299925e-03       2.339893401390e+03 
       9.995926838663e-03       2.351992661620e+03 
       1.012357120670e-02       2.363777774916e+03 
       1.025126046901e-02       2.375252407941e+03 
       1.037899375356e-02       2.386420198702e+03 
       1.050677024806e-02       2.397284755348e+03 
       1.063458919696e-02       2.407849656647e+03 
       1.076244989865e-02       2.418118450933e+03 
       1.089035170281e-02       2.428094654322e+03 
       1.101829400808e-02       2.437781749697e+03 
       1.114627625973e-02       2.447183184965e+03 
       1.127429794764e-02       2.456302371032e+03 
       1.140235860429e-02       2.465142681647e+03 
       1.153045780301e-02       2.473707452376e+03 
       1.165859515626e-02       2.481999981179e+03 
       1.178677031411e-02       2.490023530122e+03 
       1.191498296273e-02       2.497781327010e+03 
       1.204323282307e-02       2.505276568905e+03 
       1.217151964960e-02       2.512512424248e+03 
       1.229984322916e-02       2.519492036618e+03 
       1.242820337980e-02       2.526218527163e+03 
       1.255659994986e-02       2.532694996489e+03 
       1.268503281699e-02       2.538924526891e+03 
       1.281350188727e-02       2.544910183558e+03 
       1.294200709441e-02       2.550655014074e+03 
       1.307054839905e-02       2.556162047718e+03 
       1.319912578800e-02       2.561434285451e+03 
       1.332773927365e-02       2.566474671304e+03 
       1.345638889336e-02       2.571286056689e+03 
       1.358507470894e-02       2.575871208439e+03 
       1.371379680616e-02       2.580232887841e+03 
       1.384255529425e-02       2.584373810210e+03 
       1.397135030555e-02       2.588296865376e+03 
       1.410018199509e-02       2.592004790766e+03 
       1.422905054028e-02       2.595500345864e+03 
       1.435795614058e-02       2.598786255260e+03 
       1.448689901724e-02       2.601865212317e+03 
       1.461587941307e-02       2.604739882444e+03 
       1.474489759220e-02       2.607412905332e+03 
       1.477104874446e-02       2.607930274743e+03 
       1.487395383993e-02       2.609886895738e+03 
       1.500304846255e-02       2.612164444409e+03 
       1.513218178721e-02       2.614248119496e+03 
       1.526135416184e-02       2.616140466480e+03 
       1.539056595503e-02       2.617844008696e+03 
       1.551981755602e-02       2.619361247832e+03 
       1.564910937462e-02       2.620694664009e+03 
       1.577844184123e-02       2.621846716643e+03 
       1.590781540682e-02       2.622819843387e+03 
       1.603723054297e-02       2.623616463725e+03 
       1.616668774195e-02       2.624238978066e+03 
       1.629618751673e-02       2.624689765487e+03 
       1.642573040111e-02       2.624971182719e+03 
       1.655531694980e-02       2.625085565450e+03 
       1.668494773857e-02       2.625035229767e+03 
       1.681462336436e-02       2.624822473355e+03 
       1.694434444548e-02       2.624449575703e+03 
       1.707411162173e-02       2.623918797391e+03 
       1.720392555466e-02       2.623232381963e+03 
       1.733378692773e-02       2.622392552403e+03 
       1.746369644655e-02       2.621401514801e+03 
       1.759365483915e-02       2.620261456383e+03 
       1.772366285620e-02       2.618974546675e+03 
       1.785372127134e-02       2.617542937042e+03 
       1.798383088140e-02       2.615968762162e+03 
       1.811399250679e-02       2.614254139817e+03 
       1.824420699177e-02       2.612401168598e+03 
       1.837447520485e-02       2.610411928995e+03 
       1.850479803908e-02       2.608288483937e+03 
       1.863517641249e-02       2.606032881051e+03 
       1.876561126844e-02       2.603647152336e+03 
       1.889610357609e-02       2.601133314831e+03 
       1.902665433074e-02       2.598493368414e+03 
       1.915726455438e-02       2.595729295837e+03 
       1.928793529608e-02       2.592843062304e+03 
       1.941866763249e-02       2.589836616993e+03 
       1.954946266836e-02       2.586711893980e+03 
       1.968032153705e-02       2.583470810461e+03 
       1.981124540105e-02       2.580115267900e+03 
       1.994223545256e-02       2.576647152844e+03 
       2.007329291408e-02       2.573068333932e+03 
       2.020441903894e-02       2.569380665039e+03 
       2.033561511202e-02       2.565585985628e+03 
       2.046688245029e-02       2.561686117868e+03 
       2.059822240354e-02       2.557682868375e+03 
       2.072963635500e-02       2.553578030160e+03 
       2.086112572212e-02       2.549373378567e+03 
       2.099269195722e-02       2.545070673821e+03 
       2.112433654829e-02       2.540671662213e+03 
       2.125606101974e-02       2.536178073906e+03 
       2.138786693321e-02       2.531591622621e+03 
       2.151975588839e-02       2.526914009305e+03 
       2.165172952387e-02       2.522146917474e+03 
       2.178378951802e-02       2.517292016511e+03 
       2.191593758988e-02       2.512350960020e+03 
       2.204817550011e-02       2.507325387200e+03 
       2.218050505196e-02       2.502216921868e+03 
       2.231292809224e-02       2.497027172212e+03 
       2.244544651233e-02       2.491757730948e+03 
       2.257806224930e-02       2.486410177693e+03 
       2.271077728692e-02       2.480986075598e+03 
       2.284359365682e-02       2.475486972531e+03 
       2.297651343968e-02       2.469914401689e+03 
       2.310953876634e-02       2.464269881793e+03 
       2.324267181911e-02       2.458554915391e+03 
       2.337591483300e-02       2.452770991404e+03 
       2.350927009705e-02       2.446919582635e+03 
       2.364273995566e-02       2.441002147395e+03 
       2.377632681000e-02       2.435020129403e+03 
       2.391003311945e-02       2.428974956286e+03 
       2.404386140308e-02       2.422868041052e+03 
       2.417781424117e-02       2.416700782565e+03 
       2.431189427682e-02       2.410474563840e+03 
       2.444610421756e-02       2.404190754223e+03 
       2.458044683705e-02       2.397850706196e+03 
       2.471492497681e-02       2.391455757801e+03 
       2.484954154802e-02       2.385007232223e+03 
       2.498429953339e-02       2.378506438687e+03 
       2.511920198906e-02       2.371954669483e+03 
       2.525425204659e-02       2.365353204394e+03 
       2.538945291502e-02       2.358703306140e+03 
       2.552480788297e-02       2.352006222486e+03 
       2.566032032085e-02       2.345263186930e+03 
       2.579599368308e-02       2.338475418056e+03 
       2.593183151049e-02       2.331644118698e+03 
       2.606783743269e-02       2.324770477385e+03 
       2.620401517062e-02       2.317855667368e+03 
       2.634036853910e-02       2.310900847101e+03 
       2.647690144952e-02       2.303907158551e+03 
       2.661361791267e-02       2.296875730114e+03 
       2.675052204152e-02       2.289807674636e+03 
       2.688761805429e-02       2.282704089894e+03 
       2.702491027749e-02       2.275566058677e+03 
       2.716240314910e-02       2.268394648473e+03 
       2.730010122193e-02       2.261190913015e+03 
       2.743800916702e-02       2.253955888609e+03 
       2.757613177722e-02       2.246690597676e+03 
       2.771447397085e-02       2.239396046987e+03 
       2.785304079559e-02       2.232073229468e+03 
       2.799183743240e-02       2.224723120257e+03 
       2.813086919967e-02       2.217346682301e+03 
       2.827014155751e-02       2.209944862311e+03 
       2.840966011219e-02       2.202518591267e+03 
       2.854943062078e-02       2.195068784766e+03 
       2.868945899593e-02       2.187596344700e+03 
       2.882975131087e-02       2.180102155649e+03 
       2.897031380463e-02       2.172587088225e+03 
       2.911115288740e-02       2.165051996539e+03 
       2.925227514618e-02       2.157497722633e+03 
       2.939368735059e-02       2.149925090584e+03 
       2.953539645902e-02       2.142334909128e+03 
       2.967740962491e-02       2.134727972470e+03 
       2.981973420337e-02       2.127105059793e+03 
       2.996237775807e-02       2.119466932780e+03 
       3.010534806843e-02       2.111814339463e+03 
       3.024865313706e-02       2.104148013385e+03 
       3.039230119759e-02       2.096468670519e+03 
       3.053630072282e-02       2.088777013533e+03 
       3.068066043322e-02       2.081073727499e+03 
       3.082538930577e-02       2.073359484202e+03 
       3.097049658330e-02       2.065634936179e+03 
       3.111599178413e-02       2.057900723737e+03 
       3.126188471223e-02       2.050157471058e+03 
       3.140818546782e-02       2.042405785800e+03 
       3.155490445846e-02       2.034646260028e+03 
       3.170205241066e-02       2.026879469348e+03 
       3.184964038205e-02       2.019105975724e+03 
       3.199767977410e-02       2.011326324167e+03 
       3.214618234549e-02       2.003541041119e+03 
       3.229516022613e-02       1.995750639769e+03 
       3.244462593179e-02       1.987955616545e+03 
       3.259459237961e-02       1.980156452679e+03 
       3.274507290420e-02       1.972353611914e+03 
       3.289608127472e-02       1.964547541968e+03 
       3.304763171272e-02       1.956738672400e+03 
       3.319973891094e-02       1.948927421051e+03 
       3.335241805312e-02       1.941114182515e+03 
       3.350568483482e-02       1.933299339686e+03 
       3.365955548531e-02       1.925483256568e+03 
       3.381404679073e-02       1.917666279899e+03 
       3.396917611846e-02       1.909848740522e+03 
       3.412496144279e-02       1.902030949859e+03 
       3.428142137209e-02       1.894213202888e+03 
       3.443857517746e-02       1.886395778613e+03 
       3.459644282305e-02       1.878578934998e+03 
       3.475504499802e-02       1.870762915474e+03 
       3.491440315052e-02       1.862947940916e+03 
       3.507453952352e-02       1.855134216824e+03 
       3.523547719284e-02       1.847321928926e+03 
       3.539724010746e-02       1.839511244432e+03 
       3.555985313228e-02       1.831702310054e+03 
       3.572334209348e-02       1.823895253803e+03 
       3.588773382681e-02       1.816090182843e+03 
       3.605305622879e-02       1.808287185549e+03 
       3.621933831128e-02       1.800486328318e+03 
       3.638661025955e-02       1.792687656834e+03 
       3.655490349415e-02       1.784891195096e+03 
       3.672425073691e-02       1.777096945920e+03 
       3.689468608131e-02       1.769304887685e+03 
       3.706624506774e-02       1.761514977551e+03 
       3.723896476389e-02       1.753727148759e+03 
       3.741288385076e-02       1.745941309876e+03 
       3.758804271482e-02       1.738157345154e+03 
       3.776448354672e-02       1.730375113050e+03 
       3.794225044725e-02       1.722594445660e+03 
       3.812138954114e-02       1.714815148203e+03 
       3.830194909935e-02       1.707036997668e+03 
       3.848397967066e-02       1.699259742843e+03 
       3.866753422348e-02       1.691483100739e+03 
       3.885266829871e-02       1.683706759175e+03 
       3.903944017478e-02       1.675930373235e+03 
       3.922791104603e-02       1.668153564648e+03 
       3.941814521567e-02       1.660375919618e+03 
       3.961021030489e-02       1.652596988962e+03 
       3.980417747960e-02       1.644816284946e+03 
       4.000012169675e-02       1.637033280069e+03 
       4.019812197209e-02       1.629247405711e+03 
       4.039826167185e-02       1.621458049867e+03 
       4.060062883068e-02       1.613664553131e+03 
       4.080531649894e-02       1.605866209104e+03 
       4.101242312245e-02       1.598062260869e+03 
       4.122205295841e-02       1.590251896108e+03 
       4.143431653166e-02       1.582434246995e+03 
       4.164933113608e-02       1.574608383866e+03 
       4.186722138635e-02       1.566773313283e+03 
       4.208811982641e-02       1.558927973273e+03 
       4.231216760138e-02       1.551071228618e+03 
       4.253951520131e-02       1.543201865962e+03 
       4.277032328559e-02       1.535318587765e+03 
       4.300476359901e-02       1.527420006351e+03 
       4.324301999145e-02       1.519504636732e+03 
       4.348528955562e-02       1.511570888909e+03 
       4.373178389909e-02       1.503617059330e+03 
       4.398273057001e-02       1.495641321596e+03 
       4.423837465875e-02       1.487641715005e+03 
       4.449898060172e-02       1.479616131852e+03 
       4.476483421820e-02       1.471562304381e+03 
       4.503624501645e-02       1.463477788513e+03 
       4.531354881195e-02       1.455359946319e+03 
       4.559711070897e-02       1.447205925467e+03 
       4.588732850579e-02       1.439012635995e+03 
       4.618463659642e-02       1.430776722865e+03 
       4.648951045583e-02       1.422494534495e+03 
       4.680247181346e-02       1.414162086610e+03 
       4.712409464216e-02       1.405775020031e+03 
       4.745501211660e-02       1.397328550007e+03 
       4.779592472936e-02       1.388817408284e+03 
       4.814760979519e-02       1.380235771819e+03 
       4.851093262713e-02       1.371577178359e+03 
       4.888685973498e-02       1.362834425394e+03 
       4.927647448160e-02       1.353999447984e+03 
       4.968099573918e-02       1.345063167375e+03 
       5.010180022466e-02       1.336015304711e+03 
       5.054044936700e-02       1.326844149934e+03 
       5.099872178051e-02       1.317536272443e+03 
       5.147865270069e-02       1.308076152568e+03 
       5.198258209717e-02       1.298445710904e+03 
       5.251321362802e-02       1.288623699233e+03 
       5.307368715823e-02       1.278584902607e+03 
       5.366766823814e-02       1.268299090301e+03 
       5.429945871159e-02       1.257729607186e+03 
       5.497413343075e-02       1.246831473015e+03 
       5.569770871484e-02       1.235548795367e+03 
       5.647734829115e-02       1.223811198725e+03 
       5.732161113152e-02       1.211528883650e+03 
       5.824074112095e-02       1.198585764135e+03 
       5.924698761072e-02       1.184829967111e+03 
       6.035492287084e-02       1.170060900258e+03 
       6.158167817161e-02       1.154012194512e+03 
       6.294694323658e-02       1.136330818114e+03 
       6.447245826501e-02       1.116555240230e+03 
       6.618059896169e-02       1.094101474450e+03 
       6.809162271080e-02       1.068275998923e+03 
       7.021945194163e-02       1.038345866941e+03 
       7.256678502901e-02       1.003695034558e+03 
       7.512162798071e-02       9.640596120565e+02 
       7.785777467913e-02       9.197620964395e+02 
       8.073994204455e-02       8.718150563736e+02 
       8.373116985547e-02       8.218141771892e+02 
       8.679887994731e-02       7.716627442350e+02 
       8.991770814794e-02       7.232485093009e+02 
       9.306955606849e-02       6.781783607427e+02 
       9.624225011419e-02       6.376165757679e+02 
       9.942791214163e-02       6.022244807143e+02 
       1.026215677342e-01       5.721770883136e+02 
       1.058201238740e-01       5.472277866273e+02 
       1.090216754854e-01       5.267967139747e+02 
       1.122250558895e-01       5.100667148548e+02 
       1.154295530240e-01       4.960790436292e+02 
       1.186347331156e-01       4.838264347191e+02 
       1.218403321547e-01       4.723425709847e+02 
       1.250461894801e-01       4.607848309322e+02 
       1.282522072757e-01       4.485037064105e+02 
       1.314583259177e-01       4.350901840360e+02 
       1.346645089904e-01       4.203936528879e+02 
       1.378707341824e-01       4.045075733744e+02 
       1.410769877594e-01       3.877264833576e+02 
       1.442832612071e-01       3.704832783050e+02 
       1.474895491936e-01       3.532783242747e+02 
       1.477104874446e-01       3.521071005830e+02 
       1.506958483307e-01       3.366114310511e+02 
       1.539021564221e-01       3.209249794614e+02 
       1.571084720051e-01       3.065629419844e+02 
       1.603147940726e-01       2.937472253425e+02 
       1.635211219026e-01       2.825702717266e+02 
       1.667274549544e-01       2.730012651112e+02 
       1.699337928051e-01       2.649025779869e+02 
       1.731401351095e-01       2.580530611622e+02 
       1.763464815766e-01       2.521852573631e+02 
       1.795528319531e-01       2.470022976933e+02 
       1.827591860145e-01       2.421770837458e+02 
       1.859655435581e-01       2.374273696596e+02 
       1.891719043990e-01       2.325211681607e+02 
       1.923782683673e-01       2.272969265606e+02 
       1.955846353054e-01       2.216726249078e+02 
       1.987910050672e-01       2.156424403837e+02 
       2.019973775162e-01       2.092637327828e+02 
       2.052037525250e-01       2.026394988294e+02 
       2.084101299742e-01       1.959010702011e+02 
       2.116165097519e-01       1.891933519784e+02 
       2.148228917529e-01       1.826622631124e+02 
       2.180292758783e-01       1.764428935186e+02 
       2.212356620350e-01       1.706476793422e+02 
       2.244420501355e-01       1.653555632049e+02 
       2.276484400968e-01       1.606044526285e+02 
       2.308548318410e-01       1.563891622113e+02 
       2.340612252943e-01       1.526656401098e+02 
       2.372676203869e-01       1.493602911378e+02 
       2.404740170528e-01       1.463817887115e+02 
       2.436804152295e-01       1.436325309990e+02 
       2.468868148578e-01       1.410178146610e+02 
       2.500932158814e-01       1.384523513956e+02 
       2.532996182471e-01       1.358649012097e+02 
       2.565060219042e-01       1.332020490839e+02 
       2.597124268045e-01       1.304314476241e+02 
       2.629188329024e-01       1.275438553119e+02 
       2.661252401543e-01       1.245527651988e+02 
       2.693316485187e-01       1.214908363702e+02 
       2.725380579561e-01       1.184034678871e+02 
       2.757444684289e-01       1.153410279498e+02 
       2.789508799012e-01       1.123517181260e+02 
       2.821572923386e-01       1.094765786230e+02 
       2.853637057086e-01       1.067470524961e+02 
       2.885701199797e-01       1.041844371721e+02 
       2.917765351223e-01       1.018001077375e+02 
       2.949829511076e-01       9.959566080813e+01 
       2.981893679083e-01       9.756287431282e+01 
       3.013957854984e-01       9.568403829184e+01 
       3.046022038527e-01       9.393338882602e+01 
       3.078086229472e-01       9.227996934999e+01 
       3.110150427590e-01       9.069153661168e+01 
       3.142214632659e-01       8.913855313180e+01 
       3.174278844468e-01       8.759721424352e+01 
       3.206343062813e-01       8.605090452659e+01 
       3.238407287500e-01       8.449015662809e+01 
       3.270471518341e-01       8.291174971890e+01 
       3.302535755155e-01       8.131766374827e+01 
       3.334599997771e-01       7.971429906826e+01 
       3.366664246021e-01       7.811184831567e+01 
       3.398728499745e-01       7.652343353305e+01 
       3.430792758788e-01       7.496366053442e+01 
       3.462857023004e-01       7.344665558259e+01 
       3.494921292247e-01       7.198404356369e+01 
       3.526985566381e-01       7.058349895246e+01 
       3.559049845273e-01       6.924830341558e+01 
       3.591114128795e-01       6.797789686347e+01 
       3.623178416823e-01       6.676899609596e+01 
       3.655242709239e-01       6.561669106111e+01 
       3.687307005927e-01       6.451509916221e+01 
       3.719371306776e-01       6.345753670372e+01 
       3.751435611680e-01       6.243650291984e+01 
       3.783499920534e-01       6.144387489834e+01 
       3.815564233239e-01       6.047153619503e+01 
       3.847628549698e-01       5.951233499617e+01 
       3.879692869817e-01       5.856100809327e+01 
       3.911757193507e-01       5.761467764520e+01 
       3.943821520679e-01       5.667273918786e+01 
       3.975885851250e-01       5.573627105706e+01 
       4.007950185137e-01       5.480731343452e+01 
       4.040014522261e-01       5.388836054370e+01 
       4.072078862545e-01       5.298220395118e+01 
       4.104143205914e-01       5.209199948413e+01 
       4.136207552298e-01       5.122127832029e+01 
       4.168271901626e-01       5.037367437173e+01 
       4.200336253830e-01       4.955234923675e+01 
       4.232400608845e-01       4.875932372193e+01 
       4.264464966606e-01       4.799502294654e+01 
       4.296529327054e-01       4.725825253227e+01 
       4.328593690126e-01       4.654660525010e+01 
       4.360658055766e-01       4.585708773708e+01 
       4.392722423917e-01       4.518667721071e+01 
       4.424786794524e-01       4.453260744744e+01 
       4.456851167534e-01       4.389237672790e+01 
       4.488915542895e-01       4.326364064066e+01 
       4.520979920557e-01       4.264419705862e+01 
       4.553044300471e-01       4.203217115325e+01 
       4.585108682591e-01       4.142633761477e+01 
       4.617173066869e-01       4.082638924752e+01 
       4.649237453260e-01       4.023297344938e+01 
       4.681301841723e-01       3.964741996142e+01 
       4.713366232213e-01       3.907127707132e+01 
       4.745430624689e-01       3.850586367579e+01 
       4.777495019113e-01       3.795202964495e+01 
       4.809559415444e-01       3.741018659716e+01 
       4.841623813644e-01       3.688051562436e+01 
       4.873688213677e-01       3.636317309540e+01 
       4.905752615506e-01       3.585834563290e+01 
       4.937817019097e-01       3.536612305588e+01 
       4.969881424414e-01       3.488629147886e+01 
       5.001945831425e-01       3.441820056225e+01 
       5.034010240098e-01       3.396081408975e+01 
       5.066074650400e-01       3.351293529492e+01 
       5.098139062302e-01       3.307348955161e+01 
       5.130203475772e-01       3.264171411997e+01 
       5.162267890781e-01       3.221716654671e+01 
       5.194332307301e-01       3.179957651037e+01 
       5.226396725304e-01       3.138865849945e+01 
       5.258461144763e-01       3.098401728059e+01 
       5.290525565651e-01       3.058520857656e+01 
       5.322589987942e-01       3.019191067923e+01 
       5.354654411611e-01       2.980409023760e+01 
       5.386718836634e-01       2.942204508488e+01 
       5.418783262986e-01       2.904628616423e+01 
       5.450847690643e-01       2.867731836275e+01 
       5.482912119583e-01       2.831543962881e+01 
       5.514976549784e-01       2.796066280968e+01 
       5.547040981223e-01       2.761278661769e+01 
       5.579105413878e-01       2.727155292966e+01 
       5.611169847730e-01       2.693678239391e+01 
       5.643234282757e-01       2.660840455472e+01 
       5.675298718940e-01       2.628637380235e+01 
       5.707363156259e-01       2.597053857110e+01 
       5.739427594695e-01       2.566056051996e+01 
       5.771492034230e-01       2.535594536995e+01 
       5.803556474844e-01       2.505617419083e+01 
       5.835620916521e-01       2.476085883805e+01 
       5.867685359242e-01       2.446983026510e+01 
       5.899749802991e-01       2.418311099249e+01 
       5.931814247751e-01       2.390079484731e+01 
       5.963878693505e-01       2.362291211696e+01 
       5.995943140238e-01       2.334936252459e+01 
       6.028007587934e-01       2.307995233213e+01 
       6.060072036578e-01       2.281450330555e+01 
       6.092136486154e-01       2.255295802251e+01 
       6.124200936648e-01       2.229541061353e+01 
       6.156265388046e-01       2.204204166191e+01 
       6.188329840333e-01       2.179299751657e+01 
       6.220394293496e-01       2.154828796442e+01 
       6.252458747521e-01       2.130776329086e+01 
       6.284523202395e-01       2.107118035214e+01 
       6.316587658105e-01       2.083831286636e+01 
       6.348652114638e-01       2.060903551709e+01 
       6.380716571982e-01       2.038333227531e+01 
       6.412781030125e-01       2.016122945495e+01 
       6.444845489054e-01       1.994270192446e+01 
       6.476909948758e-01       1.972761578144e+01 
       6.508974409226e-01       1.951574554837e+01 
       6.541038870446e-01       1.930685525665e+01 
       6.573103332408e-01       1.910079166583e+01 
       6.605167795099e-01       1.889753079409e+01 
       6.637232258511e-01       1.869715003188e+01 
       6.669296722632e-01       1.849974471208e+01 
       6.701361187452e-01       1.830534180678e+01 
       6.733425652961e-01       1.811386317445e+01 
       6.765490119149e-01       1.792515844489e+01 
       6.797554586007e-01       1.773908282869e+01 
       6.829619053526e-01       1.755556800731e+01 
       6.861683521695e-01       1.737464120065e+01 
       6.893747990506e-01       1.719638183565e+01 
       6.925812459951e-01       1.702084452320e+01 
       6.957876930019e-01       1.684799830491e+01 
       6.989941400703e-01       1.667772009495e+01 
       7.022005871994e-01       1.650984465258e+01 
       7.054070343883e-01       1.634423818453e+01 
       7.086134816364e-01       1.618084916914e+01 
       7.118199289427e-01       1.601970506583e+01 
       7.150263763065e-01       1.586085948725e+01 
       7.182328237270e-01       1.570432537331e+01 
       7.214392712034e-01       1.555003669469e+01 
       7.246457187350e-01       1.539786285809e+01 
       7.278521663212e-01       1.524766522656e+01 
       7.310586139610e-01       1.509935888653e+01 
       7.342650616540e-01       1.495294094269e+01 
       7.374715093992e-01       1.480846835560e+01 
       7.406779571962e-01       1.466600024176e+01 
       7.438844050442e-01       1.452554266270e+01 
       7.470908529425e-01       1.438702922950e+01 
       7.502973008905e-01       1.425034856593e+01 
       7.535037488876e-01       1.411540006718e+01 
       7.567101969331e-01       1.398214034610e+01 
       7.599166450264e-01       1.385059207892e+01 
       7.631230931670e-01       1.372081061909e+01 
       7.663295413542e-01       1.359282946987e+01 
       7.695359895874e-01       1.346662145134e+01 
       7.727424378661e-01       1.334209828821e+01 
       7.759488861897e-01       1.321914818383e+01 
       7.791553345577e-01       1.309768797383e+01 
       8.596694329177e-01       1.049606778468e+01 
       9.811701313761e-01       7.766371246953e+00 
       1.178135163898e+00       5.087142868470e+00 
       1.477104874446e+00       2.987549211987e+00 
