# Matter power spectrum P(k) at redshift z=0
# for k=1.0432e-05 to 1.4771 h/Mpc,
# number of wavenumbers equal to 615
#    1:k (h/Mpc)              2:P (Mpc/h)^3        
       1.043203858107e-05       5.025463896192e+01 
       2.328315204787e-05       1.092552843449e+02 
       3.617926703236e-05       1.673372990614e+02 
       4.915492074565e-05       2.250792087627e+02 
       6.224521917242e-05       2.828170296075e+02 
       7.548614865817e-05       3.408066752892e+02 
       8.891489741750e-05       3.992696348127e+02 
       1.025701912212e-04       4.584117739373e+02 
       1.164926475528e-04       5.184330431999e+02 
       1.307251525583e-04       5.795334174143e+02 
       1.453132651205e-04       6.419170724026e+02 
       1.603056523308e-04       7.057956797297e+02 
       1.757545604614e-04       7.713912520068e+02 
       1.917163251809e-04       8.389387695588e+02 
       2.082519241161e-04       9.086887182614e+02 
       2.254275738213e-04       9.809096118111e+02 
       2.433153715917e-04       1.055890535270e+03 
       2.619939801591e-04       1.133943718683e+03 
       2.815493498527e-04       1.215407123557e+03 
       3.020754679847e-04       1.300646997042e+03 
       3.236751186533e-04       1.390060315953e+03 
       3.464606274615e-04       1.484077003187e+03 
       3.705545544365e-04       1.583161751053e+03 
       3.960902844687e-04       1.687815228926e+03 
       4.232124478609e-04       1.798574387226e+03 
       4.520770845790e-04       1.916011499091e+03 
       4.828514458248e-04       2.040731511779e+03 
       5.157133080066e-04       2.173367223136e+03 
       5.508496610418e-04       2.314571771324e+03 
       5.884546307988e-04       2.465007951689e+03 
       6.287265115730e-04       2.625333980519e+03 
       6.718638265552e-04       2.796185539203e+03 
       7.180604087666e-04       2.978154272947e+03 
       7.674996040233e-04       3.171763384816e+03 
       8.203478352418e-04       3.377441524137e+03 
       8.767479168163e-04       3.595496741642e+03 
       9.368126403514e-04       3.826092755178e+03 
       1.000619232897e-03       4.069230000745e+03 
       1.068205282467e-03       4.324733810318e+03 
       1.139566614567e-03       4.592251497128e+03 
       1.214657395288e-03       4.871259177108e+03 
       1.293392467458e-03       5.161077961967e+03 
       1.375651652786e-03       5.460897965038e+03 
       1.461285533513e-03       5.769807635654e+03 
       1.477104874446e-03       5.826516029870e+03 
       1.550122103637e-03       6.086825494721e+03 
       1.641973665542e-03       6.410931459298e+03 
       1.736643427390e-03       6.741095518704e+03 
       1.833931395810e-03       7.076302324903e+03 
       1.933639318376e-03       7.415571025855e+03 
       2.035574578769e-03       7.757959025047e+03 
       2.139553064713e-03       8.102596485420e+03 
       2.245401107565e-03       8.448686355896e+03 
       2.352956635180e-03       8.795491764416e+03 
       2.462069693831e-03       9.142344603947e+03 
       2.572602489471e-03       9.488643573028e+03 
       2.684429081734e-03       9.833850944299e+03 
       2.797434842078e-03       1.017748854947e+04 
       2.911515764700e-03       1.051913330207e+04 
       3.026577697804e-03       1.085841249448e+04 
       3.142535544777e-03       1.119499908399e+04 
       3.259312470077e-03       1.152860717022e+04 
       3.376839133155e-03       1.185898777496e+04 
       3.495052964991e-03       1.218592499811e+04 
       3.613897495467e-03       1.250923247823e+04 
       3.733321735250e-03       1.282875017881e+04 
       3.853279612739e-03       1.314434149804e+04 
       3.973729464574e-03       1.345589070390e+04 
       4.094633576930e-03       1.376330065467e+04 
       4.215957774096e-03       1.406649076115e+04 
       4.337671050471e-03       1.436539514632e+04 
       4.459745242077e-03       1.465996097475e+04 
       4.582154733718e-03       1.495014695163e+04 
       4.704876198151e-03       1.523592199716e+04 
       4.827888363871e-03       1.551726435939e+04 
       4.951171808382e-03       1.579415983914e+04 
       5.074708774131e-03       1.606660120947e+04 
       5.198483004554e-03       1.633458737737e+04 
       5.322479597941e-03       1.659812109005e+04 
       5.446684877104e-03       1.685721206171e+04 
       5.571086273028e-03       1.711187451676e+04 
       5.695672220905e-03       1.736212547383e+04 
       5.820432067149e-03       1.760798526946e+04 
       5.945355986129e-03       1.784947718371e+04 
       6.070434905525e-03       1.808662710438e+04 
       6.195660439339e-03       1.831946322903e+04 
       6.321024827702e-03       1.854801578803e+04 
       6.446520882713e-03       1.877231682341e+04 
       6.572141939663e-03       1.899239985715e+04 
       6.697881813039e-03       1.920829972937e+04 
       6.823734756800e-03       1.942005238917e+04 
       6.949695428464e-03       1.962769469634e+04 
       7.075758856596e-03       1.983126426299e+04 
       7.201920411352e-03       2.003079930702e+04 
       7.328175777742e-03       2.022633852969e+04 
       7.454520931348e-03       2.041792102132e+04 
       7.580952116239e-03       2.060558617229e+04 
       7.707465824866e-03       2.078937361402e+04 
       7.834058779723e-03       2.096932316222e+04 
       7.960727916633e-03       2.114547476934e+04 
       8.087470369457e-03       2.131786848934e+04 
       8.214283456127e-03       2.148654442921e+04 
       8.341164665854e-03       2.165154271695e+04 
       8.468111647407e-03       2.181290345226e+04 
       8.595122198359e-03       2.197066666355e+04 
       8.722194255221e-03       2.212487226644e+04 
       8.849325884365e-03       2.227556000423e+04 
       8.976515273687e-03       2.242276942297e+04 
       9.103760724920e-03       2.256653981149e+04 
       9.231060646559e-03       2.270691018289e+04 
       9.358413547335e-03       2.284391924372e+04 
       9.485818030190e-03       2.297760538054e+04 
       9.613272786715e-03       2.310800666267e+04 
       9.740776592010e-03       2.323516084001e+04 
       9.868328299925e-03       2.335910535294e+04 
       9.995926838663e-03       2.347987734773e+04 
       1.012357120670e-02       2.359751368188e+04 
       1.025126046901e-02       2.371205093018e+04 
       1.037899375356e-02       2.382352539853e+04 
       1.050677024806e-02       2.393197311095e+04 
       1.063458919696e-02       2.403742980860e+04 
       1.076244989865e-02       2.413993093358e+04 
       1.089035170281e-02       2.423951160513e+04 
       1.101829400808e-02       2.433620660266e+04 
       1.114627625973e-02       2.443005034346e+04 
       1.127429794764e-02       2.452107686072e+04 
       1.140235860429e-02       2.460931980071e+04 
       1.153045780301e-02       2.469481241598e+04 
       1.165859515626e-02       2.477758757547e+04 
       1.178677031411e-02       2.485767778741e+04 
       1.191498296273e-02       2.493511522253e+04 
       1.204323282307e-02       2.500993175506e+04 
       1.217151964960e-02       2.508215898876e+04 
       1.229984322916e-02       2.515182829724e+04 
       1.242820337980e-02       2.521897084920e+04 
       1.255659994986e-02       2.528361762531e+04 
       1.268503281699e-02       2.534579943930e+04 
       1.281350188727e-02       2.540554694668e+04 
       1.294200709441e-02       2.546289063474e+04 
       1.307054839905e-02       2.551786081125e+04 
       1.319912578800e-02       2.557048748676e+04 
       1.332773927365e-02       2.562080005107e+04 
       1.345638889336e-02       2.566882687886e+04 
       1.358507470894e-02       2.571459543735e+04 
       1.371379680616e-02       2.575813317058e+04 
       1.384255529425e-02       2.579946714819e+04 
       1.397135030555e-02       2.583862623723e+04 
       1.410018199509e-02       2.587563779465e+04 
       1.422905054028e-02       2.591052938931e+04 
       1.435795614058e-02       2.594332823154e+04 
       1.448689901724e-02       2.597406121260e+04 
       1.461587941307e-02       2.600275494078e+04 
       1.474489759220e-02       2.602943576558e+04 
       1.477104874446e-02       2.603459987819e+04 
       1.487395383993e-02       2.605412978648e+04 
       1.500304846255e-02       2.607686286297e+04 
       1.513218178721e-02       2.609766062879e+04 
       1.526135416184e-02       2.611654849161e+04 
       1.539056595503e-02       2.613355163812e+04 
       1.551981755602e-02       2.614869503906e+04 
       1.564910937462e-02       2.616200345030e+04 
       1.577844184123e-02       2.617350142111e+04 
       1.590781540682e-02       2.618321328326e+04 
       1.603723054297e-02       2.619116318869e+04 
       1.616668774195e-02       2.619737509952e+04 
       1.629618751673e-02       2.620187276419e+04 
       1.642573040111e-02       2.620467970700e+04 
       1.655531694980e-02       2.620581924157e+04 
       1.668494773857e-02       2.620531448598e+04 
       1.681462336436e-02       2.620318837520e+04 
       1.694434444548e-02       2.619946366298e+04 
       1.707411162173e-02       2.619416291450e+04 
       1.720392555466e-02       2.618730852500e+04 
       1.733378692773e-02       2.617892268452e+04 
       1.746369644655e-02       2.616902741448e+04 
       1.759365483915e-02       2.615764454790e+04 
       1.772366285620e-02       2.614479574108e+04 
       1.785372127134e-02       2.613050246912e+04 
       1.798383088140e-02       2.611478604084e+04 
       1.811399250679e-02       2.609766759646e+04 
       1.824420699177e-02       2.607916808432e+04 
       1.837447520485e-02       2.605930827160e+04 
       1.850479803908e-02       2.603810875033e+04 
       1.863517641249e-02       2.601558996022e+04 
       1.876561126844e-02       2.599177218532e+04 
       1.889610357609e-02       2.596667556066e+04 
       1.902665433074e-02       2.594032005005e+04 
       1.915726455438e-02       2.591272544598e+04 
       1.928793529608e-02       2.588391136556e+04 
       1.941866763249e-02       2.585389726598e+04 
       1.954946266836e-02       2.582270245394e+04 
       1.968032153705e-02       2.579034606760e+04 
       1.981124540105e-02       2.575684708803e+04 
       1.994223545256e-02       2.572222434742e+04 
       2.007329291408e-02       2.568649649920e+04 
       2.020441903894e-02       2.564968204958e+04 
       2.033561511202e-02       2.561179936073e+04 
       2.046688245029e-02       2.557286662236e+04 
       2.059822240354e-02       2.553290186887e+04 
       2.072963635500e-02       2.549192299885e+04 
       2.086112572212e-02       2.544994773459e+04 
       2.099269195722e-02       2.540699364742e+04 
       2.112433654829e-02       2.536307816967e+04 
       2.125606101974e-02       2.531821857259e+04 
       2.138786693321e-02       2.527243196339e+04 
       2.151975588839e-02       2.522573532172e+04 
       2.165172952387e-02       2.517814545331e+04 
       2.178378951802e-02       2.512967902273e+04 
       2.191593758988e-02       2.508035253709e+04 
       2.204817550011e-02       2.503018235973e+04 
       2.218050505196e-02       2.497918470043e+04 
       2.231292809224e-02       2.492737561299e+04 
       2.244544651233e-02       2.487477099670e+04 
       2.257806224930e-02       2.482138662018e+04 
       2.271077728692e-02       2.476723808761e+04 
       2.284359365682e-02       2.471234085068e+04 
       2.297651343968e-02       2.465671021463e+04 
       2.310953876634e-02       2.460036134016e+04 
       2.324267181911e-02       2.454330922654e+04 
       2.337591483300e-02       2.448556873703e+04 
       2.350927009705e-02       2.442715457401e+04 
       2.364273995566e-02       2.436808129518e+04 
       2.377632681000e-02       2.430836331258e+04 
       2.391003311945e-02       2.424801487762e+04 
       2.404386140308e-02       2.418705009580e+04 
       2.417781424117e-02       2.412548293137e+04 
       2.431189427682e-02       2.406332719047e+04 
       2.444610421756e-02       2.400059654267e+04 
       2.458044683705e-02       2.393730448933e+04 
       2.471492497681e-02       2.387346438759e+04 
       2.484954154802e-02       2.380908944625e+04 
       2.498429953339e-02       2.374419273484e+04 
       2.511920198906e-02       2.367878715378e+04 
       2.525425204659e-02       2.361288547866e+04 
       2.538945291502e-02       2.354650031476e+04 
       2.552480788297e-02       2.347964411804e+04 
       2.566032032085e-02       2.341232920207e+04 
       2.579599368308e-02       2.334456773150e+04 
       2.593183151049e-02       2.327637171380e+04 
       2.606783743269e-02       2.320775301364e+04 
       2.620401517062e-02       2.313872334313e+04 
       2.634036853910e-02       2.306929426672e+04 
       2.647690144952e-02       2.299947718427e+04 
       2.661361791267e-02       2.292928336015e+04 
       2.675052204152e-02       2.285872390350e+04 
       2.688761805429e-02       2.278780977306e+04 
       2.702491027749e-02       2.271655177794e+04 
       2.716240314910e-02       2.264496057450e+04 
       2.730010122193e-02       2.257304668179e+04 
       2.743800916702e-02       2.250082044490e+04 
       2.757613177722e-02       2.242829207031e+04 
       2.771447397085e-02       2.235547160830e+04 
       2.785304079559e-02       2.228236897089e+04 
       2.799183743240e-02       2.220899389255e+04 
       2.813086919967e-02       2.213535598608e+04 
       2.827014155751e-02       2.206146470216e+04 
       2.840966011219e-02       2.198732933447e+04 
       2.854943062078e-02       2.191295902312e+04 
       2.868945899593e-02       2.183836277139e+04 
       2.882975131087e-02       2.176354940973e+04 
       2.897031380463e-02       2.168852762922e+04 
       2.911115288740e-02       2.161330595612e+04 
       2.925227514618e-02       2.153789279630e+04 
       2.939368735059e-02       2.146229637624e+04 
       2.953539645902e-02       2.138652476929e+04 
       2.967740962491e-02       2.131058590374e+04 
       2.981973420337e-02       2.123448755792e+04 
       2.996237775807e-02       2.115823733546e+04 
       3.010534806843e-02       2.108184270374e+04 
       3.024865313706e-02       2.100531098549e+04 
       3.039230119759e-02       2.092864932801e+04 
       3.053630072282e-02       2.085186474581e+04 
       3.068066043322e-02       2.077496407777e+04 
       3.082538930577e-02       2.069795403010e+04 
       3.097049658330e-02       2.062084111684e+04 
       3.111599178413e-02       2.054363172999e+04 
       3.126188471223e-02       2.046633210055e+04 
       3.140818546782e-02       2.038894829459e+04 
       3.155490445846e-02       2.031148622248e+04 
       3.170205241066e-02       2.023395163032e+04 
       3.184964038205e-02       2.015635012802e+04 
       3.199767977410e-02       2.007868715625e+04 
       3.214618234549e-02       2.000096797029e+04 
       3.229516022613e-02       1.992319769315e+04 
       3.244462593179e-02       1.984538128050e+04 
       3.259459237961e-02       1.976752353634e+04 
       3.274507290420e-02       1.968962909003e+04 
       3.289608127472e-02       1.961170241103e+04 
       3.304763171272e-02       1.953374778744e+04 
       3.319973891094e-02       1.945576939046e+04 
       3.335241805312e-02       1.937777115916e+04 
       3.350568483482e-02       1.929975691586e+04 
       3.365955548531e-02       1.922173029427e+04 
       3.381404679073e-02       1.914369475576e+04 
       3.396917611846e-02       1.906565360303e+04 
       3.412496144279e-02       1.898760994486e+04 
       3.428142137209e-02       1.890956672594e+04 
       3.443857517746e-02       1.883152673145e+04 
       3.459644282305e-02       1.875349253653e+04 
       3.475504499802e-02       1.867546657128e+04 
       3.491440315052e-02       1.859745104059e+04 
       3.507453952352e-02       1.851944799588e+04 
       3.523547719284e-02       1.844145929120e+04 
       3.539724010746e-02       1.836348659574e+04 
       3.555985313228e-02       1.828553137403e+04 
       3.572334209348e-02       1.820759490394e+04 
       3.588773382681e-02       1.812967825523e+04 
       3.605305622879e-02       1.805178231011e+04 
       3.621933831128e-02       1.797390773134e+04 
       3.638661025955e-02       1.789605497495e+04 
       3.655490349415e-02       1.781822428048e+04 
       3.672425073691e-02       1.774041567599e+04 
       3.689468608131e-02       1.766262894562e+04 
       3.706624506774e-02       1.758486366167e+04 
       3.723896476389e-02       1.750711915765e+04 
       3.741288385076e-02       1.742939452078e+04 
       3.758804271482e-02       1.735168859554e+04 
       3.776448354672e-02       1.727399996890e+04 
       3.794225044725e-02       1.719632696466e+04 
       3.812138954114e-02       1.711866763834e+04 
       3.830194909935e-02       1.704101976364e+04 
       3.848397967066e-02       1.696338083272e+04 
       3.866753422348e-02       1.688574802053e+04 
       3.885266829871e-02       1.680811821061e+04 
       3.903944017478e-02       1.673048795969e+04 
       3.922791104603e-02       1.665285349154e+04 
       3.941814521567e-02       1.657521067529e+04 
       3.961021030489e-02       1.649755502681e+04 
       3.980417747960e-02       1.641988167712e+04 
       4.000012169675e-02       1.634218536027e+04 
       4.019812197209e-02       1.626446039980e+04 
       4.039826167185e-02       1.618670068616e+04 
       4.060062883068e-02       1.610889963662e+04 
       4.080531649894e-02       1.603105019930e+04 
       4.101242312245e-02       1.595314481804e+04 
       4.122205295841e-02       1.587517538359e+04 
       4.143431653166e-02       1.579713323262e+04 
       4.164933113608e-02       1.571900908443e+04 
       4.186722138635e-02       1.564079302173e+04 
       4.208811982641e-02       1.556247444303e+04 
       4.231216760138e-02       1.548404201563e+04 
       4.253951520131e-02       1.540548362685e+04 
       4.277032328559e-02       1.532678632359e+04 
       4.300476359901e-02       1.524793625291e+04 
       4.324301999145e-02       1.516891859046e+04 
       4.348528955562e-02       1.508971746360e+04 
       4.373178389909e-02       1.501031586608e+04 
       4.398273057001e-02       1.493069556532e+04 
       4.423837465875e-02       1.485083698799e+04 
       4.449898060172e-02       1.477071909327e+04 
       4.476483421820e-02       1.469031924262e+04 
       4.503624501645e-02       1.460961303723e+04 
       4.531354881195e-02       1.452857414321e+04 
       4.559711070897e-02       1.444717408626e+04 
       4.588732850579e-02       1.436538201989e+04 
       4.618463659642e-02       1.428316445143e+04 
       4.648951045583e-02       1.420048492783e+04 
       4.680247181346e-02       1.411730367487e+04 
       4.712409464216e-02       1.403357717571e+04 
       4.745501211660e-02       1.394925766515e+04 
       4.779592472936e-02       1.386429255121e+04 
       4.814760979519e-02       1.377862370361e+04 
       4.851093262713e-02       1.369218661095e+04 
       4.888685973498e-02       1.360490937201e+04 
       4.927647448160e-02       1.351671147604e+04 
       4.968099573918e-02       1.342750229165e+04 
       5.010180022466e-02       1.333717920703e+04 
       5.054044936700e-02       1.324562532296e+04 
       5.099872178051e-02       1.315270656438e+04 
       5.147865270069e-02       1.305826800144e+04 
       5.198258209717e-02       1.296212915097e+04 
       5.251321362802e-02       1.286407789613e+04 
       5.307368715823e-02       1.276386252098e+04 
       5.366766823814e-02       1.266118123801e+04 
       5.429945871159e-02       1.255566812613e+04 
       5.497413343075e-02       1.244687415615e+04 
       5.569770871484e-02       1.233424136472e+04 
       5.647734829115e-02       1.221706720647e+04 
       5.732161113152e-02       1.209445523066e+04 
       5.824074112095e-02       1.196524657269e+04 
       5.924698761072e-02       1.182792511241e+04 
       6.035492287084e-02       1.168048837463e+04 
       6.158167817161e-02       1.152027724726e+04 
       6.294694323658e-02       1.134376748096e+04 
       6.447245826501e-02       1.114635170077e+04 
       6.618059896169e-02       1.092220008116e+04 
       6.809162271080e-02       1.066438932572e+04 
       7.021945194163e-02       1.036560256808e+04 
       7.256678502901e-02       1.001968996124e+04 
       7.512162798071e-02       9.624017148063e+03 
       7.785777467913e-02       9.181803559194e+03 
       8.073994204455e-02       8.703157479237e+03 
       8.373116985547e-02       8.204008334543e+03 
       8.679887994731e-02       7.703356262317e+03 
       8.991770814794e-02       7.220046329032e+03 
       9.306955606849e-02       6.770119792336e+03 
       9.624225011419e-02       6.365199404486e+03 
       9.942791214163e-02       6.011887053141e+03 
       1.026215677342e-01       5.711929849261e+03 
       1.058201238740e-01       5.462865905669e+03 
       1.090216754854e-01       5.258906567965e+03 
       1.122250558895e-01       5.091894324510e+03 
       1.154295530240e-01       4.952258197996e+03 
       1.186347331156e-01       4.829942847327e+03 
       1.218403321547e-01       4.715301713319e+03 
       1.250461894801e-01       4.599923068317e+03 
       1.282522072757e-01       4.477322999765e+03 
       1.314583259177e-01       4.343418409658e+03 
       1.346645089904e-01       4.196705783090e+03 
       1.378707341824e-01       4.038118122527e+03 
       1.410769877594e-01       3.870595747422e+03 
       1.442832612071e-01       3.698460173400e+03 
       1.474895491936e-01       3.526706460487e+03 
       1.477104874446e-01       3.515014362318e+03 
       1.506958483307e-01       3.360324113969e+03 
       1.539021564221e-01       3.203729335531e+03 
       1.571084720051e-01       3.060355934222e+03 
       1.603147940726e-01       2.932419159513e+03 
       1.635211219026e-01       2.820841841150e+03 
       1.667274549544e-01       2.725316345969e+03 
       1.699337928051e-01       2.644468762738e+03 
       1.731401351095e-01       2.576091399965e+03 
       1.763464815766e-01       2.517514282436e+03 
       1.795528319531e-01       2.465773825011e+03 
       1.827591860145e-01       2.417604667136e+03 
       1.859655435581e-01       2.370189203657e+03 
       1.891719043990e-01       2.321211551715e+03 
       1.923782683673e-01       2.269058963735e+03 
       1.955846353054e-01       2.212912652319e+03 
       1.987910050672e-01       2.152714491272e+03 
       2.019973775162e-01       2.089037093865e+03 
       2.052037525250e-01       2.022908657461e+03 
       2.084101299742e-01       1.955640241155e+03 
       2.116165097519e-01       1.888678404148e+03 
       2.148228917529e-01       1.823479826521e+03 
       2.180292758783e-01       1.761393083954e+03 
       2.212356620350e-01       1.703540603811e+03 
       2.244420501355e-01       1.650710454059e+03 
       2.276484400968e-01       1.603281057224e+03 
       2.308548318410e-01       1.561200647600e+03 
       2.340612252943e-01       1.524029463474e+03 
       2.372676203869e-01       1.491032817909e+03 
       2.404740170528e-01       1.461299015172e+03 
       2.436804152295e-01       1.433853715266e+03 
       2.468868148578e-01       1.407751513569e+03 
       2.500932158814e-01       1.382140994148e+03 
       2.532996182471e-01       1.356310982699e+03 
       2.565060219042e-01       1.329728248176e+03 
       2.597124268045e-01       1.302069873473e+03 
       2.629188329024e-01       1.273243602848e+03 
       2.661252401543e-01       1.243384135212e+03 
       2.693316485187e-01       1.212817500097e+03 
       2.725380579561e-01       1.181996907541e+03 
       2.757444684289e-01       1.151425173322e+03 
       2.789508799012e-01       1.121583483961e+03 
       2.821572923386e-01       1.092881535375e+03 
       2.853637057086e-01       1.065633216922e+03 
       2.885701199797e-01       1.040051136148e+03 
       2.917765351223e-01       1.016248847894e+03 
       2.949829511076e-01       9.942422905556e+02 
       2.981893679083e-01       9.739493846198e+02 
       3.013957854984e-01       9.551933349575e+02 
       3.046022038527e-01       9.377169454455e+02 
       3.078086229472e-01       9.212111828867e+02 
       3.110150427590e-01       9.053541694299e+02 
       3.142214632659e-01       8.898510384946e+02 
       3.174278844468e-01       8.744641530877e+02 
       3.206343062813e-01       8.590276450607e+02 
       3.238407287500e-01       8.434470039833e+02 
       3.270471518341e-01       8.276900771747e+02 
       3.302535755155e-01       8.117766302108e+02 
       3.334599997771e-01       7.957705565843e+02 
       3.366664246021e-01       7.797736073338e+02 
       3.398728499745e-01       7.639167771094e+02 
       3.430792758788e-01       7.483458727068e+02 
       3.462857023004e-01       7.332019136210e+02 
       3.494921292247e-01       7.186009485788e+02 
       3.526985566381e-01       7.046195901307e+02 
       3.559049845273e-01       6.912905983156e+02 
       3.591114128795e-01       6.786083817224e+02 
       3.623178416823e-01       6.665401647253e+02 
       3.655242709239e-01       6.550369312234e+02 
       3.687307005927e-01       6.440399564548e+02 
       3.719371306776e-01       6.334825184947e+02 
       3.751435611680e-01       6.232897388008e+02 
       3.783499920534e-01       6.133805280838e+02 
       3.815564233239e-01       6.036738616281e+02 
       3.847628549698e-01       5.940983444261e+02 
       3.879692869817e-01       5.846014350256e+02 
       3.911757193507e-01       5.751544045974e+02 
       3.943821520679e-01       5.657512189506e+02 
       3.975885851250e-01       5.564026429140e+02 
       4.007950185137e-01       5.471290431960e+02 
       4.040014522261e-01       5.379553190820e+02 
       4.072078862545e-01       5.289093381507e+02 
       4.104143205914e-01       5.200226043082e+02 
       4.136207552298e-01       5.113303685055e+02 
       4.168271901626e-01       5.028689072723e+02 
       4.200336253830e-01       4.946697821335e+02 
       4.232400608845e-01       4.867531663336e+02 
       4.264464966606e-01       4.791233037096e+02 
       4.296529327054e-01       4.717682710018e+02 
       4.328593690126e-01       4.646640373291e+02 
       4.360658055766e-01       4.577807205745e+02 
       4.392722423917e-01       4.510881449480e+02 
       4.424786794524e-01       4.445586958474e+02 
       4.456851167534e-01       4.381673991667e+02 
       4.488915542895e-01       4.318908511734e+02 
       4.520979920557e-01       4.257070685262e+02 
       4.553044300471e-01       4.195973352307e+02 
       4.585108682591e-01       4.135494192954e+02 
       4.617173066869e-01       4.075602540612e+02 
       4.649237453260e-01       4.016363023670e+02 
       4.681301841723e-01       3.957908387298e+02 
       4.713366232213e-01       3.900393193616e+02 
       4.745430624689e-01       3.843949105041e+02 
       4.777495019113e-01       3.788660961995e+02 
       4.809559415444e-01       3.734569855146e+02 
       4.841623813644e-01       3.681693862211e+02 
       4.873688213677e-01       3.630048592907e+02 
       4.905752615506e-01       3.579652677174e+02 
       4.937817019097e-01       3.530515081318e+02 
       4.969881424414e-01       3.482614453527e+02 
       5.001945831425e-01       3.435885871768e+02 
       5.034010240098e-01       3.390225892815e+02 
       5.066074650400e-01       3.345515046116e+02 
       5.098139062302e-01       3.301646054158e+02 
       5.130203475772e-01       3.258542774384e+02 
       5.162267890781e-01       3.216161037752e+02 
       5.194332307301e-01       3.174473858750e+02 
       5.226396725304e-01       3.133452735442e+02 
       5.258461144763e-01       3.093058212569e+02 
       5.290525565651e-01       3.053245938895e+02 
       5.322589987942e-01       3.013983798964e+02 
       5.354654411611e-01       2.975268463357e+02 
       5.386718836634e-01       2.937129664020e+02 
       5.418783262986e-01       2.899618407176e+02 
       5.450847690643e-01       2.862785094463e+02 
       5.482912119583e-01       2.826659469282e+02 
       5.514976549784e-01       2.791242814022e+02 
       5.547040981223e-01       2.756515034479e+02 
       5.579105413878e-01       2.722450362707e+02 
       5.611169847730e-01       2.689030894367e+02 
       5.643234282757e-01       2.656249595979e+02 
       5.675298718940e-01       2.624101914401e+02 
       5.707363156259e-01       2.592572719154e+02 
       5.739427594695e-01       2.561628234418e+02 
       5.771492034230e-01       2.531219117450e+02 
       5.803556474844e-01       2.501293564635e+02 
       5.835620916521e-01       2.471812828405e+02 
       5.867685359242e-01       2.442760033240e+02 
       5.899749802991e-01       2.414137427310e+02 
       5.931814247751e-01       2.385954377141e+02 
       5.963878693505e-01       2.358213906228e+02 
       5.995943140238e-01       2.330906004121e+02 
       6.028007587934e-01       2.304011330355e+02 
       6.060072036578e-01       2.277512092191e+02 
       6.092136486154e-01       2.251402557240e+02 
       6.124200936648e-01       2.225692122276e+02 
       6.156265388046e-01       2.200398814450e+02 
       6.188329840333e-01       2.175537243372e+02 
       6.220394293496e-01       2.151108385988e+02 
       6.252458747521e-01       2.127097296596e+02 
       6.284523202395e-01       2.103479702692e+02 
       6.316587658105e-01       2.080233015062e+02 
       6.348652114638e-01       2.057344723640e+02 
       6.380716571982e-01       2.034813228267e+02 
       6.412781030125e-01       2.012641155778e+02 
       6.444845489054e-01       1.990825997332e+02 
       6.476909948758e-01       1.969354385755e+02 
       6.508974409226e-01       1.948203812152e+02 
       6.541038870446e-01       1.927350720337e+02 
       6.573103332408e-01       1.906779812673e+02 
       6.605167795099e-01       1.886488695091e+02 
       6.637232258511e-01       1.866485093266e+02 
       6.669296722632e-01       1.846778524013e+02 
       6.701361187452e-01       1.827371679856e+02 
       6.733425652961e-01       1.808256760079e+02 
       6.765490119149e-01       1.789418753566e+02 
       6.797554586007e-01       1.770843206317e+02 
       6.829619053526e-01       1.752523298230e+02 
       6.861683521695e-01       1.734461746571e+02 
       6.893747990506e-01       1.716666480298e+02 
       6.925812459951e-01       1.699142951044e+02 
       6.957876930019e-01       1.681888068281e+02 
       6.989941400703e-01       1.664889544634e+02 
       7.022005871994e-01       1.648130884514e+02 
       7.054070343883e-01       1.631598731662e+02 
       7.086134816364e-01       1.615287942781e+02 
       7.118199289427e-01       1.599201259053e+02 
       7.150263763065e-01       1.583344032471e+02 
       7.182328237270e-01       1.567717554766e+02 
       7.214392712034e-01       1.552315234380e+02 
       7.246457187350e-01       1.537124034500e+02 
       7.278521663212e-01       1.522130115337e+02 
       7.310586139610e-01       1.507325000175e+02 
       7.342650616540e-01       1.492708399960e+02 
       7.374715093992e-01       1.478286000892e+02 
       7.406779571962e-01       1.464063704386e+02 
       7.438844050442e-01       1.450042115524e+02 
       7.470908529425e-01       1.436214606849e+02 
       7.502973008905e-01       1.422570059944e+02 
       7.535037488876e-01       1.409098431676e+02 
       7.567101969331e-01       1.395795390804e+02 
       7.599166450264e-01       1.382663201012e+02 
       7.631230931670e-01       1.369707388062e+02 
       7.663295413542e-01       1.356931296471e+02 
       7.695359895874e-01       1.344332212917e+02 
       7.727424378661e-01       1.331901325097e+02 
       7.759488861897e-01       1.319627472636e+02 
       7.791553345577e-01       1.307502353447e+02 
       8.596694329177e-01       1.047788088857e+02 
       9.811701313761e-01       7.752883664927e+01 
       1.178135163898e+00       5.078270192066e+01 
       1.477104874446e+00       2.982296852094e+01 
