# Matter power spectrum P(k) at redshift z=0
# for k=1.0432e-05 to 1.4771 h/Mpc,
# number of wavenumbers equal to 615
#    1:k (h/Mpc)              2:P (Mpc/h)^3        
       1.043203858107e-05       5.025461938175e+01 
       2.328524686929e-05       1.092647453819e+02 
       3.618347413424e-05       1.673560357869e+02 
       4.916127451936e-05       2.251072101512e+02 
       6.225377136480e-05       2.828543969807e+02 
       7.549696904993e-05       3.408536013052e+02 
       8.892807476759e-05       3.993263967130e+02 
       1.025858344927e-04       4.584787324339e+02 
       1.165108874407e-04       5.185106444291e+02 
       1.307461433445e-04       5.796221969952e+02 
       1.453371868856e-04       6.420176612050e+02 
       1.603327135580e-04       7.059088111897e+02 
       1.757850010714e-04       7.715177709373e+02 
       1.917504200387e-04       8.390796424575e+02 
       2.082899870567e-04       9.088450451351e+02 
       2.254699622354e-04       9.810826395360e+02 
       2.433624916146e-04       1.056081672483e+03 
       2.620462924935e-04       1.134154552149e+03 
       2.816073762437e-04       1.215639435890e+03 
       3.021397983366e-04       1.300902785530e+03 
       3.237464187446e-04       1.390341812110e+03 
       3.465396471526e-04       1.484386692423e+03 
       3.706421361927e-04       1.583502391612e+03 
       3.961873719159e-04       1.688189868926e+03 
       4.233200939567e-04       1.798986378261e+03 
       4.521964588258e-04       1.916464504471e+03 
       4.829838397571e-04       2.041229507122e+03 
       5.158601379936e-04       2.173914486749e+03 
       5.510124672565e-04       2.315172861764e+03 
       5.886350710777e-04       2.465667670187e+03 
       6.289263488713e-04       2.626057316796e+03 
       6.720849088608e-04       2.796977600701e+03 
       7.183046407435e-04       2.979020199766e+03 
       7.677689103471e-04       3.172708255654e+03 
       8.206441165575e-04       3.378470261946e+03 
       8.770730003995e-04       3.596614031179e+03 
       9.371682286937e-04       3.827302987373e+03 
       1.001006854312e-03       4.070537260057e+03 
       1.068626248147e-03       4.326141920219e+03 
       1.140021986144e-03       4.593764134864e+03 
       1.215147965839e-03       4.872880061768e+03 
       1.293918757253e-03       5.162811110135e+03 
       1.376213919254e-03       5.462747997833e+03 
       1.461883793277e-03       5.771780112527e+03 
       1.477104874446e-03       5.826345501325e+03 
       1.550756163374e-03       6.088927246354e+03 
       1.642643157983e-03       6.413170895993e+03 
       1.737347848942e-03       6.743482900410e+03 
       1.834670142901e-03       7.078849989921e+03 
       1.934411720442e-03       7.418293582106e+03 
       2.036379926672e-03       7.760873350229e+03 
       2.140390634090e-03       8.105722314146e+03 
       2.246270177174e-03       8.452045913553e+03 
       2.353856500670e-03       8.799109963194e+03 
       2.462999677542e-03       9.146249048652e+03 
       2.573561946959e-03       9.492864528714e+03 
       2.685417405683e-03       9.838421268360e+03 
       2.798451464205e-03       1.018244358828e+04 
       2.912560156165e-03       1.052451075102e+04 
       3.027649368560e-03       1.086425222266e+04 
       3.143634042181e-03       1.120134293059e+04 
       3.260437377037e-03       1.153549872388e+04 
       3.377990065994e-03       1.186647214646e+04 
       3.496229571182e-03       1.219404859684e+04 
       3.615099451338e-03       1.251804279698e+04 
       3.734548743727e-03       1.283829559300e+04 
       3.854531401177e-03       1.315467108241e+04 
       3.975005782701e-03       1.346705406830e+04 
       4.095934194926e-03       1.377534780003e+04 
       4.217282480807e-03       1.407947195204e+04 
       4.339019651769e-03       1.437936078890e+04 
       4.461117559350e-03       1.467496150138e+04 
       4.583550602494e-03       1.496623270341e+04 
       4.706295466845e-03       1.525314310546e+04 
       4.829330892646e-03       1.553567062047e+04 
       4.952637468115e-03       1.581380058607e+04 
       5.076197445477e-03       1.608752518724e+04 
       5.199994577095e-03       1.635684261260e+04 
       5.324013969420e-03       1.662175474028e+04 
       5.448241952729e-03       1.688227039164e+04 
       5.572665964843e-03       1.713840270684e+04 
       5.697274447217e-03       1.739016756365e+04 
       5.822056752015e-03       1.763758408617e+04 
       5.947003058883e-03       1.788067428070e+04 
       6.072104300358e-03       1.811946271672e+04 
       6.197352094911e-03       1.835397623235e+04 
       6.322738686790e-03       1.858424366631e+04 
       6.448256891895e-03       1.881029563893e+04 
       6.573900049025e-03       1.903216422028e+04 
       6.699661975915e-03       1.924988276901e+04 
       6.825536929529e-03       1.946348572058e+04 
       6.951519570169e-03       1.967300838892e+04 
       7.077604928987e-03       1.987848680883e+04 
       7.203788378538e-03       2.007995759186e+04 
       7.330065606066e-03       2.027745780807e+04 
       7.456432589234e-03       2.047102489848e+04 
       7.582885574049e-03       2.066069659298e+04 
       7.709421054771e-03       2.084651085928e+04 
       7.836035755586e-03       2.102850585380e+04 
       7.962726613897e-03       2.120671988044e+04 
       8.089490765046e-03       2.138119136043e+04 
       8.216325528355e-03       2.155195878666e+04 
       8.343228394337e-03       2.171906069240e+04 
       8.470197012985e-03       2.188253560211e+04 
       8.597229183025e-03       2.204242198658e+04 
       8.724322842052e-03       2.219875821657e+04 
       8.851476057463e-03       2.235158250893e+04 
       8.978687018116e-03       2.250093288842e+04 
       9.105954026658e-03       2.264684713929e+04 
       9.233275492446e-03       2.278936278118e+04 
       9.360649925030e-03       2.292851703894e+04 
       9.488075928125e-03       2.306434684258e+04 
       9.615552194060e-03       2.319688882083e+04 
       9.743077498633e-03       2.332617931265e+04 
       9.870650696361e-03       2.345225438477e+04 
       9.998270716078e-03       2.357514983342e+04 
       1.012593655687e-02       2.369490121150e+04 
       1.025364728427e-02       2.381154382661e+04 
       1.038140202683e-02       2.392511275411e+04 
       1.050919997276e-02       2.403564282361e+04 
       1.063704036703e-02       2.414316861629e+04 
       1.076492250851e-02       2.424772444520e+04 
       1.089284574735e-02       2.434934432725e+04 
       1.102080948264e-02       2.444806196546e+04 
       1.114881316008e-02       2.454391072132e+04 
       1.127685626996e-02       2.463692359755e+04 
       1.140493834518e-02       2.472713322847e+04 
       1.153305895944e-02       2.481457188247e+04 
       1.166121772561e-02       2.489927146736e+04 
       1.178941429408e-02       2.498126356181e+04 
       1.191764835141e-02       2.506057944330e+04 
       1.204591961888e-02       2.513725012730e+04 
       1.217422785131e-02       2.521130640478e+04 
       1.230257283584e-02       2.528277887792e+04 
       1.243095439087e-02       2.535169798671e+04 
       1.255937236503e-02       2.541809403574e+04 
       1.268782663629e-02       2.548199719996e+04 
       1.281631711101e-02       2.554343754706e+04 
       1.294484372322e-02       2.560244501341e+04 
       1.307340643382e-02       2.565904939546e+04 
       1.320200522992e-02       2.571328021369e+04 
       1.333064012419e-02       2.576516633367e+04 
       1.345931115426e-02       2.581473553601e+04 
       1.358801838221e-02       2.586201466533e+04 
       1.371676189408e-02       2.590703062037e+04 
       1.384554179937e-02       2.594980998357e+04 
       1.397435823068e-02       2.599038130100e+04 
       1.410321134330e-02       2.602877159768e+04 
       1.423210131489e-02       2.606500812407e+04 
       1.436102834518e-02       2.609911779867e+04 
       1.448999265567e-02       2.613112723766e+04 
       1.461899448943e-02       2.616106279880e+04 
       1.474803411084e-02       2.618895059895e+04 
       1.477104874446e-02       2.619371045549e+04 
       1.487711180545e-02       2.621481653174e+04 
       1.500622787981e-02       2.623868627702e+04 
       1.513538266132e-02       2.626058530989e+04 
       1.526457649817e-02       2.628053890053e+04 
       1.539380975920e-02       2.629857212053e+04 
       1.552308283391e-02       2.631470984466e+04 
       1.565239613235e-02       2.632897675541e+04 
       1.578175008519e-02       2.634139734385e+04 
       1.591114514366e-02       2.635199591222e+04 
       1.604058177960e-02       2.636079657630e+04 
       1.617006048554e-02       2.636782326980e+04 
       1.629958177470e-02       2.637309974126e+04 
       1.642914618117e-02       2.637664955924e+04 
       1.655875425991e-02       2.637849611162e+04 
       1.668840658696e-02       2.637866260942e+04 
       1.681810375955e-02       2.637717208850e+04 
       1.694784639624e-02       2.637404741430e+04 
       1.707763513714e-02       2.636931127579e+04 
       1.720747064406e-02       2.636298619651e+04 
       1.733735360076e-02       2.635509452868e+04 
       1.746728471313e-02       2.634565845871e+04 
       1.759726470949e-02       2.633470000604e+04 
       1.772729434082e-02       2.632224102429e+04 
       1.785737438105e-02       2.630830320546e+04 
       1.798750562732e-02       2.629290807862e+04 
       1.811768890035e-02       2.627607701284e+04 
       1.824792504474e-02       2.625783121552e+04 
       1.837821492927e-02       2.623819173405e+04 
       1.850855944735e-02       2.621717945828e+04 
       1.863895951733e-02       2.619481512136e+04 
       1.876941608292e-02       2.617111929836e+04 
       1.889993011359e-02       2.614611241166e+04 
       1.903050260503e-02       2.611981472344e+04 
       1.916113457955e-02       2.609224634574e+04 
       1.929182708659e-02       2.606342723277e+04 
       1.942258120318e-02       2.603337719188e+04 
       1.955339803443e-02       2.600211586899e+04 
       1.968427871407e-02       2.596966276141e+04 
       1.981522440500e-02       2.593603721603e+04 
       1.994623629981e-02       2.590125842453e+04 
       2.007731562139e-02       2.586534543479e+04 
       2.020846362350e-02       2.582831713376e+04 
       2.033968159142e-02       2.579019226431e+04 
       2.047097084255e-02       2.575098941578e+04 
       2.060233272712e-02       2.571072703185e+04 
       2.073376862882e-02       2.566942340505e+04 
       2.086527996553e-02       2.562709667295e+04 
       2.099686819004e-02       2.558376482862e+04 
       2.112853479082e-02       2.553944571366e+04 
       2.126028129275e-02       2.549415702378e+04 
       2.139210925798e-02       2.544791630407e+04 
       2.152402028669e-02       2.540074094640e+04 
       2.165601601798e-02       2.535264819833e+04 
       2.178809813076e-02       2.530365515467e+04 
       2.192026834460e-02       2.525377876358e+04 
       2.205252842072e-02       2.520303583098e+04 
       2.218488016291e-02       2.515144299828e+04 
       2.231732541857e-02       2.509901676821e+04 
       2.244986607967e-02       2.504577349297e+04 
       2.258250408386e-02       2.499172937082e+04 
       2.271524141553e-02       2.493690046044e+04 
       2.284808010696e-02       2.488130266635e+04 
       2.298102223944e-02       2.482495173559e+04 
       2.311406994449e-02       2.476786327386e+04 
       2.324722540508e-02       2.471005273724e+04 
       2.338049085692e-02       2.465153543068e+04 
       2.351386858974e-02       2.459232650781e+04 
       2.364736094867e-02       2.453244097416e+04 
       2.378097033561e-02       2.447189367923e+04 
       2.391469921070e-02       2.441069933127e+04 
       2.404855009378e-02       2.434887247910e+04 
       2.418252556593e-02       2.428642752808e+04 
       2.431662827106e-02       2.422337872732e+04 
       2.445086091752e-02       2.415974017759e+04 
       2.458522627984e-02       2.409552582629e+04 
       2.471972720040e-02       2.403074947110e+04 
       2.485436659128e-02       2.396542475674e+04 
       2.498914743611e-02       2.389956517837e+04 
       2.512407279196e-02       2.383318407663e+04 
       2.525914579136e-02       2.376629464198e+04 
       2.539436964435e-02       2.369890991122e+04 
       2.552974764055e-02       2.363104276827e+04 
       2.566528315139e-02       2.356270594512e+04 
       2.580097963240e-02       2.349391202281e+04 
       2.593684062547e-02       2.342467342636e+04 
       2.607286976136e-02       2.335500243113e+04 
       2.620907076214e-02       2.328491115582e+04 
       2.634544744381e-02       2.321441156471e+04 
       2.648200371900e-02       2.314351547174e+04 
       2.661874359971e-02       2.307223453828e+04 
       2.675567120022e-02       2.300058026770e+04 
       2.689279074006e-02       2.292856401262e+04 
       2.703010654707e-02       2.285619696907e+04 
       2.716762306063e-02       2.278349017797e+04 
       2.730534483499e-02       2.271045452868e+04 
       2.744327654263e-02       2.263710075553e+04 
       2.758142297791e-02       2.256343943923e+04 
       2.771978906071e-02       2.248948100028e+04 
       2.785837984029e-02       2.241523570850e+04 
       2.799720049924e-02       2.234071367452e+04 
       2.813625635764e-02       2.226592486097e+04 
       2.827555287734e-02       2.219087906840e+04 
       2.841509566638e-02       2.211558594432e+04 
       2.855489048365e-02       2.204005498109e+04 
       2.869494324370e-02       2.196429551329e+04 
       2.883526002172e-02       2.188831671884e+04 
       2.897584705870e-02       2.181212761963e+04 
       2.911671076691e-02       2.173573708632e+04 
       2.925785773547e-02       2.165915382723e+04 
       2.939929473619e-02       2.158238639734e+04 
       2.954102872970e-02       2.150544319026e+04 
       2.968306687176e-02       2.142833244787e+04 
       2.982541651988e-02       2.135106224802e+04 
       2.996808524020e-02       2.127364051959e+04 
       3.011108081467e-02       2.119607502867e+04 
       3.025441124854e-02       2.111837338321e+04 
       3.039808477814e-02       2.104054303660e+04 
       3.054210987908e-02       2.096259127738e+04 
       3.068649527469e-02       2.088452524086e+04 
       3.083124994495e-02       2.080635190165e+04 
       3.097638313576e-02       2.072807807503e+04 
       3.112190436863e-02       2.064971041675e+04 
       3.126782345082e-02       2.057125542200e+04 
       3.141415048593e-02       2.049271942697e+04 
       3.156089588506e-02       2.041410860354e+04 
       3.170807037834e-02       2.033542896527e+04 
       3.185568502715e-02       2.025668636452e+04 
       3.200375123687e-02       2.017788648907e+04 
       3.215228077021e-02       2.009903486519e+04 
       3.230128576124e-02       2.002013685457e+04 
       3.245077873007e-02       1.994119765699e+04 
       3.260077259831e-02       1.986222230417e+04 
       3.275128070522e-02       1.978321566301e+04 
       3.290231682477e-02       1.970418243728e+04 
       3.305389518350e-02       1.962512716000e+04 
       3.320603047936e-02       1.954605419692e+04 
       3.335873790145e-02       1.946696774586e+04 
       3.351203315092e-02       1.938787183218e+04 
       3.366593246286e-02       1.930877031222e+04 
       3.382045262943e-02       1.922966686714e+04 
       3.397561102429e-02       1.915056500599e+04 
       3.413142562826e-02       1.907146806181e+04 
       3.428791505649e-02       1.899237919203e+04 
       3.444509858716e-02       1.891330137416e+04 
       3.460299619177e-02       1.883423740540e+04 
       3.476162856718e-02       1.875518990002e+04 
       3.492101716951e-02       1.867616128951e+04 
       3.508118425008e-02       1.859715381961e+04 
       3.524215289341e-02       1.851816954637e+04 
       3.540394705758e-02       1.843921033500e+04 
       3.556659161695e-02       1.836027785672e+04 
       3.573011240765e-02       1.828137358666e+04 
       3.589453627578e-02       1.820249879952e+04 
       3.605989112872e-02       1.812365456812e+04 
       3.622620598968e-02       1.804484175732e+04 
       3.639351105583e-02       1.796606102299e+04 
       3.656183776019e-02       1.788731280761e+04 
       3.673121883765e-02       1.780859733454e+04 
       3.690168839543e-02       1.772991460148e+04 
       3.707328198830e-02       1.765126438120e+04 
       3.724603669911e-02       1.757264621327e+04 
       3.741999122476e-02       1.749405939548e+04 
       3.759518596845e-02       1.741550298229e+04 
       3.777166313848e-02       1.733697577660e+04 
       3.794946685421e-02       1.725847631942e+04 
       3.812864325997e-02       1.718000288708e+04 
       3.830924064738e-02       1.710155348302e+04 
       3.849130958706e-02       1.702312582257e+04 
       3.867490307051e-02       1.694471733143e+04 
       3.886007666305e-02       1.686632512775e+04 
       3.904688866898e-02       1.678794601863e+04 
       3.923540031003e-02       1.670957648582e+04 
       3.942567591851e-02       1.663121266181e+04 
       3.961778314649e-02       1.655285033547e+04 
       3.981179319271e-02       1.647448492267e+04 
       4.000778104905e-02       1.639611145172e+04 
       4.020582576848e-02       1.631772455008e+04 
       4.040601075690e-02       1.623931842023e+04 
       4.060842409134e-02       1.616088682302e+04 
       4.081315886746e-02       1.608242304820e+04 
       4.102031357955e-02       1.600391989355e+04 
       4.122999253673e-02       1.592536963908e+04 
       4.144230631960e-02       1.584676401136e+04 
       4.165737228189e-02       1.576809415367e+04 
       4.187531510273e-02       1.568935059127e+04 
       4.209626739547e-02       1.561052318981e+04 
       4.232037038015e-02       1.553160110768e+04 
       4.254777462778e-02       1.545257275229e+04 
       4.277864088543e-02       1.537342572594e+04 
       4.301314099292e-02       1.529414676501e+04 
       4.325145890343e-02       1.521472167224e+04 
       4.349379182204e-02       1.513513524423e+04 
       4.374035147887e-02       1.505537118920e+04 
       4.399136555598e-02       1.497541203381e+04 
       4.424707929031e-02       1.489523901933e+04 
       4.450775727913e-02       1.481483198409e+04 
       4.477368551857e-02       1.473416922966e+04 
       4.504517371183e-02       1.465322737436e+04 
       4.532255788983e-02       1.457198117611e+04 
       4.560620339542e-02       1.449040333976e+04 
       4.589650829191e-02       1.440846429106e+04 
       4.619390726854e-02       1.432613191585e+04 
       4.649887613004e-02       1.424337126011e+04 
       4.681193697536e-02       1.416014417651e+04 
       4.713366419271e-02       1.407640891555e+04 
       4.746469142528e-02       1.399211964398e+04 
       4.780571969589e-02       1.390722586191e+04 
       4.815752692171e-02       1.382167173369e+04 
       4.852097910274e-02       1.373539525947e+04 
       4.889704353543e-02       1.364832728559e+04 
       4.928680448708e-02       1.356039030483e+04 
       4.969148187450e-02       1.347149697314e+04 
       5.011245362661e-02       1.338154828485e+04 
       5.055128258522e-02       1.329043128985e+04 
       5.100974901974e-02       1.319801621863e+04 
       5.148989011448e-02       1.310415283264e+04 
       5.199404814539e-02       1.300866572968e+04 
       5.252492951416e-02       1.291134824966e+04 
       5.308567736629e-02       1.281195448417e+04 
       5.367996119363e-02       1.271018867630e+04 
       5.431208759674e-02       1.260569099121e+04 
       5.498713718909e-02       1.249801824577e+04 
       5.571113328424e-02       1.238661749399e+04 
       5.649124810268e-02       1.227078954577e+04 
       5.733605089782e-02       1.214963821898e+04 
       5.825579789723e-02       1.202199958945e+04 
       5.926275301837e-02       1.188634369899e+04 
       6.037150518334e-02       1.174063999668e+04 
       6.159920360880e-02       1.158217929985e+04 
       6.296555522814e-02       1.140735427723e+04 
       6.449231263945e-02       1.121142784948e+04 
       6.620185232090e-02       1.098838027713e+04 
       6.811441168505e-02       1.073103232379e+04 
       7.024386438410e-02       1.043176119529e+04 
       7.259283143207e-02       1.008411496134e+04 
       7.514922844605e-02       9.685254351862e+03 
       7.788677379535e-02       9.238393113128e+03 
       8.077014728236e-02       8.753887613447e+03 
       8.376239331582e-02       8.248137840150e+03 
       8.683096528889e-02       7.740733524316e+03 
       8.995053885644e-02       7.251103008373e+03 
       9.310305154575e-02       6.795764151257e+03 
       9.627635726774e-02       6.386655091818e+03 
       9.946259707437e-02       6.030520606726e+03 
       1.026568092242e-01       5.729096075222e+03 
       1.058559087948e-01       5.479784542084e+03 
       1.090579957768e-01       5.276572378613e+03 
       1.122619066239e-01       5.111017731378e+03 
       1.154669311963e-01       4.973233429772e+03 
       1.186726368953e-01       4.852842993847e+03 
       1.218787604269e-01       4.739901475521e+03 
       1.250851415656e-01       4.625749033146e+03 
       1.282916827599e-01       4.503727746032e+03 
       1.314983245471e-01       4.369670213518e+03 
       1.347050306093e-01       4.222082265049e+03 
       1.379117786948e-01       4.061991040518e+03 
       1.411185551052e-01       3.892495869555e+03 
       1.443253513487e-01       3.718115216286e+03 
       1.475321621066e-01       3.544050081708e+03 
       1.477104874446e-01       3.534485990732e+03 
       1.507389839993e-01       3.375478956339e+03 
       1.539458148353e-01       3.216970760747e+03 
       1.571526531555e-01       3.072064786369e+03 
       1.603594979544e-01       2.943031598417e+03 
       1.635663485116e-01       2.830802392646e+03 
       1.667732042871e-01       2.735037913159e+03 
       1.699800648586e-01       2.654301250402e+03 
       1.731869298814e-01       2.586299368858e+03 
       1.763937990645e-01       2.528163435936e+03 
       1.796006721551e-01       2.476743809637e+03 
       1.828075489288e-01       2.429037399694e+03 
       1.860144291830e-01       2.382568113236e+03 
       1.892213127330e-01       2.334381899611e+03 
       1.924281994088e-01       2.282690580366e+03 
       1.956350890532e-01       2.226509593596e+03 
       1.988419815199e-01       2.165707398992e+03 
       2.020488766726e-01       2.100936545553e+03 
       2.052557743840e-01       2.033452368729e+03 
       2.084626745348e-01       1.964861215407e+03 
       2.116695770130e-01       1.896859386587e+03 
       2.148764817135e-01       1.831017892090e+03 
       2.180833885376e-01       1.768642041912e+03 
       2.212902973922e-01       1.710704097088e+03 
       2.244972081896e-01       1.657825562619e+03 
       2.277041208472e-01       1.610282449103e+03 
       2.309110352870e-01       1.568017064358e+03 
       2.341179514351e-01       1.530656169856e+03 
       2.373248692218e-01       1.497545913554e+03 
       2.405317885813e-01       1.467814564154e+03 
       2.437387094509e-01       1.440464874584e+03 
       2.469456317716e-01       1.414484491877e+03 
       2.501525554870e-01       1.388953849501e+03 
       2.533594805440e-01       1.363130047688e+03 
       2.565664068919e-01       1.336493953963e+03 
       2.597733344826e-01       1.308760612832e+03 
       2.629802632704e-01       1.279863603313e+03 
       2.661871932117e-01       1.249926765984e+03 
       2.693941242651e-01       1.219232124124e+03 
       2.726010563912e-01       1.188184920671e+03 
       2.758079895522e-01       1.157271645557e+03 
       2.790149237124e-01       1.127007760625e+03 
       2.822218588374e-01       1.097877913780e+03 
       2.854287948945e-01       1.070278306717e+03 
       2.886357318526e-01       1.044473726303e+03 
       2.918426696816e-01       1.020578871067e+03 
       2.950496083532e-01       9.985658577534e+02 
       2.982565478400e-01       9.782916133574e+02 
       3.014634881157e-01       9.595338539415e+02 
       3.046704291555e-01       9.420248068111e+02 
       3.078773709352e-01       9.254767267244e+02 
       3.110843134319e-01       9.095996644208e+02 
       3.142912566234e-01       8.941162197516e+02 
       3.174982004888e-01       8.787780651737e+02 
       3.207051450076e-01       8.633854890967e+02 
       3.239120901603e-01       8.478062275423e+02 
       3.271190359282e-01       8.319872720185e+02 
       3.303259822933e-01       8.159541613436e+02 
       3.335329292383e-01       7.997969099211e+02 
       3.367398767465e-01       7.836466604879e+02 
       3.399468248019e-01       7.676505945307e+02 
       3.431537733892e-01       7.519517239802e+02 
       3.463607224934e-01       7.366768922538e+02 
       3.495676721003e-01       7.219316539748e+02 
       3.527746221961e-01       7.077980694018e+02 
       3.559815727676e-01       6.943316452148e+02 
       3.591885238019e-01       6.815562518980e+02 
       3.623954752867e-01       6.694590945548e+02 
       3.656024272100e-01       6.579894610215e+02 
       3.688093795605e-01       6.470641567608e+02 
       3.720163323270e-01       6.365797381700e+02 
       3.752232854987e-01       6.264284450146e+02 
       3.784302390655e-01       6.165129993015e+02 
       3.816371930171e-01       6.067561237091e+02 
       3.848441473441e-01       5.971032404988e+02 
       3.880511020370e-01       5.875199132066e+02 
       3.912580570868e-01       5.779874628637e+02 
       3.944650124847e-01       5.684999445736e+02 
       3.976719682224e-01       5.590636717658e+02 
       4.008789242916e-01       5.496980964760e+02 
       4.040858806844e-01       5.404355314913e+02 
       4.072928373932e-01       5.313177030279e+02 
       4.104997944104e-01       5.223890084152e+02 
       4.137067517289e-01       5.136884402754e+02 
       4.169137093418e-01       5.052431371757e+02 
       4.201206672421e-01       4.970658480501e+02 
       4.233276254235e-01       4.891566940951e+02 
       4.265345838795e-01       4.815075796853e+02 
       4.297415426040e-01       4.741065908782e+02 
       4.329485015909e-01       4.669402204435e+02 
       4.361554608345e-01       4.599929035465e+02 
       4.393624203290e-01       4.532451206633e+02 
       4.425693800692e-01       4.466721891141e+02 
       4.457763400495e-01       4.402454030578e+02 
       4.489833002649e-01       4.339356977027e+02 
       4.521902607104e-01       4.277184469615e+02 
       4.553972213810e-01       4.215772649490e+02 
       4.586041822720e-01       4.155051677649e+02 
       4.618111433789e-01       4.095028228840e+02 
       4.650181046970e-01       4.035751916986e+02 
       4.682250662222e-01       3.977283276619e+02 
       4.714320279501e-01       3.919679167050e+02 
       4.746389898765e-01       3.862997648836e+02 
       4.778459519976e-01       3.807312339558e+02 
       4.810529143094e-01       3.752720676119e+02 
       4.842598768081e-01       3.699334948805e+02 
       4.874668394900e-01       3.647256365165e+02 
       4.906738023515e-01       3.596543572546e+02 
       4.938807653890e-01       3.547191217715e+02 
       4.970877285992e-01       3.499129806342e+02 
       5.002946919788e-01       3.452246652963e+02 
       5.035016555244e-01       3.406417296779e+02 
       5.067086192330e-01       3.361532268662e+02 
       5.099155831014e-01       3.317508197983e+02 
       5.131225471266e-01       3.274281980730e+02 
       5.163295113057e-01       3.231796392565e+02 
       5.195364756359e-01       3.189989341212e+02 
       5.227434401143e-01       3.148795329228e+02 
       5.259504047382e-01       3.108159008035e+02 
       5.291573695051e-01       3.068052517623e+02 
       5.323643344122e-01       3.028485335301e+02 
       5.355712994571e-01       2.989499590224e+02 
       5.387782646372e-01       2.951151804598e+02 
       5.419852299503e-01       2.913489971692e+02 
       5.451921953939e-01       2.876537207410e+02 
       5.483991609657e-01       2.840289260031e+02 
       5.516061266636e-01       2.804725286647e+02 
       5.548130924852e-01       2.769824130149e+02 
       5.580200584285e-01       2.735575958595e+02 
       5.612270244914e-01       2.701982726872e+02 
       5.644339906717e-01       2.669048030827e+02 
       5.676409569677e-01       2.636763338392e+02 
       5.708479233772e-01       2.605099546058e+02 
       5.740548898983e-01       2.574009416531e+02 
       5.772618565293e-01       2.543439838240e+02 
       5.804688232682e-01       2.513347136447e+02 
       5.836757901134e-01       2.483707047383e+02 
       5.868827570630e-01       2.454514296305e+02 
       5.900897241153e-01       2.425772870930e+02 
       5.932966912687e-01       2.397483329090e+02 
       5.965036585215e-01       2.369634825206e+02 
       5.997106258721e-01       2.342206305288e+02 
       6.029175933191e-01       2.315175713146e+02 
       6.061245608607e-01       2.288531141520e+02 
       6.093315284956e-01       2.262276937555e+02 
       6.125384962223e-01       2.236430835298e+02 
       6.157454640393e-01       2.211013563194e+02 
       6.189524319452e-01       2.186036752504e+02 
       6.221593999387e-01       2.161495807384e+02 
       6.253663680184e-01       2.137371410293e+02 
       6.285733361829e-01       2.113638284777e+02 
       6.317803044310e-01       2.090275861528e+02 
       6.349872727615e-01       2.067274637837e+02 
       6.381942411730e-01       2.044634950077e+02 
       6.414012096643e-01       2.022359470666e+02 
       6.446081782343e-01       2.000444411275e+02 
       6.478151468817e-01       1.978874931885e+02 
       6.510221156055e-01       1.957627584291e+02 
       6.542290844045e-01       1.936678336353e+02 
       6.574360532776e-01       1.916011418652e+02 
       6.606430222237e-01       1.895623784234e+02 
       6.638499912418e-01       1.875522733303e+02 
       6.670569603308e-01       1.855718230430e+02 
       6.702639294897e-01       1.836214473791e+02 
       6.734708987175e-01       1.817005512139e+02 
       6.766778680132e-01       1.798077238564e+02 
       6.798848373759e-01       1.779414238782e+02 
       6.830918068045e-01       1.761007168664e+02 
       6.862987762983e-01       1.742856254072e+02 
       6.895057458562e-01       1.724968929235e+02 
       6.927127154774e-01       1.707353085304e+02 
       6.959196851610e-01       1.690010024535e+02 
       6.991266549062e-01       1.672931254646e+02 
       7.023336247120e-01       1.656100869416e+02 
       7.055405945777e-01       1.639501987072e+02 
       7.087475645024e-01       1.623123435848e+02 
       7.119545344854e-01       1.606962799972e+02 
       7.151615045259e-01       1.591024260873e+02 
       7.183684746231e-01       1.575312770382e+02 
       7.215754447762e-01       1.559828104841e+02 
       7.247824149844e-01       1.544562383795e+02 
       7.279893852472e-01       1.529502419787e+02 
       7.311963555637e-01       1.514635341816e+02 
       7.344033259332e-01       1.499954108698e+02 
       7.376102963551e-01       1.485459640277e+02 
       7.408172668286e-01       1.471158322728e+02 
       7.440242373531e-01       1.457056528407e+02 
       7.472312079280e-01       1.443155323102e+02 
       7.504381785526e-01       1.429448423859e+02 
       7.536451492262e-01       1.415924555371e+02 
       7.568521199482e-01       1.402572549370e+02 
       7.600590907181e-01       1.389386188858e+02 
       7.632660615351e-01       1.376365997837e+02 
       7.664730323988e-01       1.363516900662e+02 
       7.696800033085e-01       1.350843430302e+02 
       7.728869742637e-01       1.338345281127e+02 
       7.760939452637e-01       1.326015798262e+02 
       7.793009163081e-01       1.313844365142e+02 
       8.598361370114e-01       1.052879086917e+02 
       9.813720379907e-01       7.790356141534e+01 
       1.178394965231e+00       5.102707447155e+01 
       1.477104874446e+00       2.998373027145e+01 
