# Matter power spectrum P(k) at redshift z=3
# for k=1.0432e-05 to 1.4771 h/Mpc,
# number of wavenumbers equal to 615
#    1:k (h/Mpc)              2:P (Mpc/h)^3        
       1.043203858107e-05       5.012919119841e+00 
       2.328524907329e-05       1.089923274086e+01 
       3.618347856060e-05       1.669395501754e+01 
       4.916128120428e-05       2.245484816275e+01 
       6.225378036272e-05       2.821547742038e+01 
       7.549698043429e-05       3.400141822585e+01 
       8.892808863178e-05       3.983481497797e+01 
       1.025858509514e-04       4.573625810036e+01 
       1.165109066315e-04       5.172575388863e+01 
       1.307461654296e-04       5.782331850247e+01 
       1.453372120546e-04       6.404939627307e+01 
       1.603327420303e-04       7.042519024858e+01 
       1.757850330994e-04       7.697294818294e+01 
       1.917504559117e-04       8.371622704469e+01 
       2.082900271049e-04       9.068014904769e+01 
       2.254700068350e-04       9.789165656378e+01 
       2.433625411929e-04       1.053797696379e+02 
       2.620463475354e-04       1.131758470154e+02 
       2.816074372982e-04       1.213138489712e+02 
       3.021398660246e-04       1.298305974000e+02 
       3.237464937667e-04       1.387660252959e+02 
       3.465397302979e-04       1.481634036989e+02 
       3.706422283479e-04       1.580695292433e+02 
       3.961874740740e-04       1.685348495421e+02 
       4.233202072259e-04       1.796134968448e+02 
       4.521965844369e-04       1.913631930233e+02 
       4.829839790692e-04       2.038449816543e+02 
       5.158602924974e-04       2.171227369406e+02 
       5.510126385727e-04       2.312623962699e+02 
       5.886352609510e-04       2.463308658257e+02 
       6.289265591569e-04       2.623945598198e+02 
       6.720851415033e-04       2.795175566535e+02 
       7.183048977472e-04       2.977593917361e+02 
       7.677691937370e-04       3.171725566773e+02 
       8.206444283334e-04       3.377998341953e+02 
       8.770733424836e-04       3.596716585401e+02 
       9.371686028771e-04       3.828037391048e+02 
       1.001007262203e-03       4.071952045642e+02 
       1.068626691123e-03       4.328275032321e+02 
       1.140022465322e-03       4.596642275099e+02 
       1.215148482052e-03       4.876519239502e+02 
       1.293919311048e-03       5.167218258079e+02 
       1.376214510902e-03       5.467923294764e+02 
       1.461884422793e-03       5.777719557005e+02 
       1.477104874446e-03       5.832414897797e+02 
       1.550756830555e-03       6.095625062391e+02 
       1.642643862442e-03       6.420621472005e+02 
       1.737348590148e-03       6.751682087696e+02 
       1.834670920219e-03       7.087795675839e+02 
       1.934412533166e-03       7.427985530199e+02 
       2.036380774056e-03       7.771312397813e+02 
       2.140391515371e-03       8.116909238107e+02 
       2.246271091594e-03       8.463980301388e+02 
       2.353857447488e-03       8.811789448543e+02 
       2.463000656045e-03       9.159669144177e+02 
       2.573562956469e-03       9.507018997501e+02 
       2.685418445561e-03       9.853302795470e+02 
       2.798452533853e-03       1.019804447072e+03 
       2.912561255028e-03       1.054082341142e+03 
       3.027650496122e-03       1.088126947859e+03 
       3.143635197965e-03       1.121905803850e+03 
       3.260438560605e-03       1.155390524256e+03 
       3.377991276942e-03       1.188556369999e+03 
       3.496230809140e-03       1.221381860365e+03 
       3.615100715965e-03       1.253848429875e+03 
       3.734550034712e-03       1.285940123862e+03 
       3.854532718232e-03       1.317643325414e+03 
       3.975007125562e-03       1.348946506969e+03 
       4.095935563352e-03       1.379840002029e+03 
       4.217283874576e-03       1.410315794994e+03 
       4.339021070677e-03       1.440367329109e+03 
       4.461119003209e-03       1.469989333409e+03 
       4.583552071131e-03       1.499177669294e+03 
       4.706296960100e-03       1.527929196274e+03 
       4.829332410373e-03       1.556241655205e+03 
       4.952639010177e-03       1.584113566354e+03 
       5.076199011749e-03       1.611544139399e+03 
       5.199996167461e-03       1.638533192870e+03 
       5.324015583773e-03       1.665080922117e+03 
       5.448243590969e-03       1.691188222303e+03 
       5.572667626877e-03       1.716856421828e+03 
       5.697276132960e-03       1.742087120107e+03 
       5.822058461386e-03       1.766882236045e+03 
       5.947004791809e-03       1.791243971318e+03 
       6.072106056768e-03       1.815174779678e+03 
       6.197353874742e-03       1.838677339962e+03 
       6.322740489981e-03       1.861754531647e+03 
       6.448258718390e-03       1.884409414438e+03 
       6.573901898772e-03       1.906645195302e+03 
       6.699663848864e-03       1.928465211678e+03 
       6.825538825635e-03       1.949872908783e+03 
       6.951521489388e-03       1.970871818657e+03 
       7.077606871280e-03       1.991465543779e+03 
       7.203790343866e-03       2.011657743055e+03 
       7.330067594394e-03       2.031452121128e+03 
       7.456434600529e-03       2.050852420916e+03 
       7.582887608280e-03       2.069862416586e+03 
       7.709423111908e-03       2.088485908887e+03 
       7.836037835603e-03       2.106726719745e+03 
       7.962728716767e-03       2.124588687184e+03 
       8.089492890745e-03       2.142075660721e+03 
       8.216327676860e-03       2.159191495689e+03 
       8.343230565626e-03       2.175940049020e+03 
       8.470199207039e-03       2.192325173062e+03 
       8.597231399825e-03       2.208350717994e+03 
       8.724325081580e-03       2.224020776041e+03 
       8.851478319702e-03       2.239339368737e+03 
       8.978689303050e-03       2.254309781606e+03 
       9.105956334272e-03       2.268935801588e+03 
       9.233277822728e-03       2.283221184258e+03 
       9.360652277965e-03       2.297169659169e+03 
       9.488078303702e-03       2.310784928728e+03 
       9.615554592268e-03       2.324070666627e+03 
       9.743079919460e-03       2.337030518226e+03 
       9.870653139797e-03       2.349668101058e+03 
       9.998273182115e-03       2.361987005246e+03 
       1.012593904549e-02       2.373990794708e+03 
       1.025364979549e-02       2.385683007308e+03 
       1.038140456061e-02       2.397067155545e+03 
       1.050920252912e-02       2.408146726233e+03 
       1.063704294595e-02       2.418925180173e+03 
       1.076492510998e-02       2.429405950780e+03 
       1.089284837138e-02       2.439592442548e+03 
       1.102081212921e-02       2.449488029464e+03 
       1.114881582920e-02       2.459096052870e+03 
       1.127685896162e-02       2.468419820123e+03 
       1.140494105937e-02       2.477462603433e+03 
       1.153306169617e-02       2.486227639689e+03 
       1.166122048486e-02       2.494718131049e+03 
       1.178941707586e-02       2.502937246687e+03 
       1.191765115571e-02       2.510888125101e+03 
       1.204592244571e-02       2.518573877812e+03 
       1.217423070066e-02       2.525997591864e+03 
       1.230257570771e-02       2.533162333615e+03 
       1.243095728526e-02       2.540071151450e+03 
       1.255937528194e-02       2.546727077967e+03 
       1.268782957571e-02       2.553133131976e+03 
       1.281632007296e-02       2.559292319327e+03 
       1.294484670769e-02       2.565207632877e+03 
       1.307340944081e-02       2.570882051284e+03 
       1.320200825944e-02       2.576318526705e+03 
       1.333064317622e-02       2.581519952154e+03 
       1.345931422882e-02       2.586489121616e+03 
       1.358802147930e-02       2.591228741295e+03 
       1.371676501370e-02       2.595741519699e+03 
       1.384554494153e-02       2.600030124013e+03 
       1.397436139537e-02       2.604097413398e+03 
       1.410321453053e-02       2.607946092313e+03 
       1.423210452466e-02       2.611578889943e+03 
       1.436103157750e-02       2.614998502678e+03 
       1.448999591054e-02       2.618207597793e+03 
       1.461899776685e-02       2.621208816711e+03 
       1.474803741082e-02       2.624004777223e+03 
       1.477104874446e-02       2.624481925066e+03 
       1.487711512800e-02       2.626598074918e+03 
       1.500623122493e-02       2.628991284041e+03 
       1.513538602902e-02       2.631186958113e+03 
       1.526457988844e-02       2.633187630419e+03 
       1.539381317206e-02       2.634995814212e+03 
       1.552308626936e-02       2.636614003151e+03 
       1.565239959041e-02       2.638044671492e+03 
       1.578175356585e-02       2.639290274355e+03 
       1.591114864693e-02       2.640353247962e+03 
       1.604058530550e-02       2.641236009828e+03 
       1.617006403406e-02       2.641940958977e+03 
       1.629958534586e-02       2.642470476154e+03 
       1.642914977497e-02       2.642826924018e+03 
       1.655875787636e-02       2.643012647284e+03 
       1.668841022607e-02       2.643029972982e+03 
       1.681810742133e-02       2.642881210543e+03 
       1.694785008070e-02       2.642568652039e+03 
       1.707763884429e-02       2.642094572342e+03 
       1.720747437391e-02       2.641461229219e+03 
       1.733735735331e-02       2.640670863569e+03 
       1.746728848840e-02       2.639725699528e+03 
       1.759726850750e-02       2.638627944625e+03 
       1.772729816157e-02       2.637379789754e+03 
       1.785737822455e-02       2.635983409572e+03 
       1.798750949358e-02       2.634440962399e+03 
       1.811769278939e-02       2.632754590430e+03 
       1.824792895656e-02       2.630926419766e+03 
       1.837821886390e-02       2.628958560561e+03 
       1.850856340479e-02       2.626853107101e+03 
       1.863896349760e-02       2.624612137870e+03 
       1.876942008603e-02       2.622237715649e+03 
       1.889993413956e-02       2.619731887572e+03 
       1.903050665386e-02       2.617096685239e+03 
       1.916113865127e-02       2.614334124688e+03 
       1.929183118121e-02       2.611446206587e+03 
       1.942258532071e-02       2.608434916182e+03 
       1.955340217489e-02       2.605302223418e+03 
       1.968428287748e-02       2.602050082914e+03 
       1.981522859138e-02       2.598680434076e+03 
       1.994624050917e-02       2.595195201097e+03 
       2.007731985375e-02       2.591596293029e+03 
       2.020846787888e-02       2.587885603807e+03 
       2.033968586983e-02       2.584065012188e+03 
       2.047097514402e-02       2.580136382014e+03 
       2.060233705166e-02       2.576101561941e+03 
       2.073377297646e-02       2.571962385595e+03 
       2.086528433628e-02       2.567720671703e+03 
       2.099687258393e-02       2.563378223921e+03 
       2.112853920786e-02       2.558936830941e+03 
       2.126028573297e-02       2.554398266537e+03 
       2.139211372140e-02       2.549764289405e+03 
       2.152402477333e-02       2.545036643372e+03 
       2.165602052787e-02       2.540217057347e+03 
       2.178810266392e-02       2.535307245232e+03 
       2.192027290106e-02       2.530308905991e+03 
       2.205253300050e-02       2.525223723623e+03 
       2.218488476604e-02       2.520053367212e+03 
       2.231733004507e-02       2.514799490890e+03 
       2.244987072957e-02       2.509463733808e+03 
       2.258250875718e-02       2.504047720104e+03 
       2.271524611232e-02       2.498553059015e+03 
       2.284808482723e-02       2.492981344823e+03 
       2.298102698323e-02       2.487334156685e+03 
       2.311407471182e-02       2.481613058792e+03 
       2.324723019599e-02       2.475819600401e+03 
       2.338049567143e-02       2.469955315687e+03 
       2.351387342789e-02       2.464021723713e+03 
       2.364736581049e-02       2.458020328570e+03 
       2.378097522114e-02       2.451952619251e+03 
       2.391470411997e-02       2.445820069645e+03 
       2.404855502683e-02       2.439624138523e+03 
       2.418253052279e-02       2.433366269561e+03 
       2.431663325177e-02       2.427047891289e+03 
       2.445086592213e-02       2.420670417167e+03 
       2.458523130837e-02       2.414235245222e+03 
       2.471973225290e-02       2.407743758589e+03 
       2.485437166779e-02       2.401197325061e+03 
       2.498915253667e-02       2.394597297284e+03 
       2.512407791661e-02       2.387945012640e+03 
       2.525915094015e-02       2.381241792969e+03 
       2.539437481732e-02       2.374488945406e+03 
       2.552975283775e-02       2.367687761365e+03 
       2.566528837287e-02       2.360839517103e+03 
       2.580098487820e-02       2.353945473503e+03 
       2.593684589565e-02       2.347006876231e+03 
       2.607287505596e-02       2.340024955445e+03 
       2.620907608121e-02       2.333000926054e+03 
       2.634545278741e-02       2.325935987487e+03 
       2.648200908718e-02       2.318831323795e+03 
       2.661874899253e-02       2.311688103669e+03 
       2.675567661774e-02       2.304507480322e+03 
       2.689279618233e-02       2.297290591592e+03 
       2.703011201415e-02       2.290038559771e+03 
       2.716762855259e-02       2.282752491657e+03 
       2.730535035188e-02       2.275433478688e+03 
       2.744328208452e-02       2.268082596695e+03 
       2.758142854487e-02       2.260700906029e+03 
       2.771979465281e-02       2.253289451408e+03 
       2.785838545759e-02       2.245849262220e+03 
       2.799720614181e-02       2.238381352108e+03 
       2.813626202556e-02       2.230886719236e+03 
       2.827555857068e-02       2.223366346082e+03 
       2.841510138522e-02       2.215821199665e+03 
       2.855489622807e-02       2.208252231318e+03 
       2.869494901378e-02       2.200660376697e+03 
       2.883526581752e-02       2.193046555821e+03 
       2.897585288033e-02       2.185411673163e+03 
       2.911671661445e-02       2.177756617380e+03 
       2.925786360901e-02       2.170082261472e+03 
       2.939930063582e-02       2.162389462847e+03 
       2.954103465551e-02       2.154679063006e+03 
       2.968307282385e-02       2.146951887806e+03 
       2.982542249834e-02       2.139208747309e+03 
       2.996809124514e-02       2.131450435853e+03 
       3.011108684619e-02       2.123677731886e+03 
       3.025441730675e-02       2.115891398014e+03 
       3.039809086315e-02       2.108092181070e+03 
       3.054211599099e-02       2.100280812044e+03 
       3.068650141363e-02       2.092458005766e+03 
       3.083125611103e-02       2.084624461426e+03 
       3.097638932911e-02       2.076780862052e+03 
       3.112191058937e-02       2.068927874834e+03 
       3.126782969907e-02       2.061066150671e+03 
       3.141415676183e-02       2.053196324626e+03 
       3.156090218874e-02       2.045319015557e+03 
       3.170807670994e-02       2.037434826140e+03 
       3.185569138683e-02       2.029544342771e+03 
       3.200375762476e-02       2.021648135643e+03 
       3.215228718647e-02       2.013746758717e+03 
       3.230129220602e-02       2.005840749458e+03 
       3.245078520354e-02       1.997930628854e+03 
       3.260077910063e-02       1.990016901423e+03 
       3.275128723656e-02       1.982100055096e+03 
       3.290232338530e-02       1.974180561257e+03 
       3.305390177341e-02       1.966258874232e+03 
       3.320603709883e-02       1.958335431650e+03 
       3.335874455068e-02       1.950410654350e+03 
       3.351203983010e-02       1.942484945869e+03 
       3.366593917219e-02       1.934558692667e+03 
       3.382045936913e-02       1.926632263851e+03 
       3.397561779457e-02       1.918706011228e+03 
       3.413143242934e-02       1.910780268936e+03 
       3.428792188861e-02       1.902855353402e+03 
       3.444510545056e-02       1.894931563129e+03 
       3.460300308669e-02       1.887009178629e+03 
       3.476163549387e-02       1.879088462194e+03 
       3.492102412824e-02       1.871169657483e+03 
       3.508119124112e-02       1.863252989719e+03 
       3.524215991704e-02       1.855338665023e+03 
       3.540395411408e-02       1.847426870599e+03 
       3.556659870663e-02       1.839517773978e+03 
       3.573011953082e-02       1.831611523180e+03 
       3.589454343276e-02       1.823708246211e+03 
       3.605989831984e-02       1.815808050718e+03 
       3.622621321529e-02       1.807911023598e+03 
       3.639351831629e-02       1.800017230764e+03 
       3.656184505586e-02       1.792126716705e+03 
       3.673122616892e-02       1.784239504073e+03 
       3.690169576269e-02       1.776355592943e+03 
       3.707328939198e-02       1.768474960750e+03 
       3.724604413963e-02       1.760597561564e+03 
       3.741999870256e-02       1.752723325347e+03 
       3.759519348401e-02       1.744852157559e+03 
       3.777167069227e-02       1.736983938454e+03 
       3.794947444674e-02       1.729118522309e+03 
       3.812865089175e-02       1.721255736809e+03 
       3.830924831896e-02       1.713395381842e+03 
       3.849131729901e-02       1.705537229111e+03 
       3.867491082342e-02       1.697681020869e+03 
       3.886008445754e-02       1.689826468918e+03 
       3.904689650569e-02       1.681973253596e+03 
       3.923540818964e-02       1.674121022575e+03 
       3.942568384172e-02       1.666269389062e+03 
       3.961779111403e-02       1.658417931392e+03 
       3.981180120536e-02       1.650566190736e+03 
       4.000778910762e-02       1.642713669371e+03 
       4.020583387380e-02       1.634859829537e+03 
       4.040601890987e-02       1.627004090950e+03 
       4.060843229290e-02       1.619145828851e+03 
       4.081316711859e-02       1.611284371463e+03 
       4.102032188127e-02       1.603418997972e+03 
       4.123000089014e-02       1.595548935371e+03 
       4.144231472583e-02       1.587673355471e+03 
       4.165738074216e-02       1.579791371511e+03 
       4.187532361832e-02       1.571902034976e+03 
       4.209627596771e-02       1.564004331222e+03 
       4.232037901049e-02       1.556097174891e+03 
       4.254778331772e-02       1.548179405397e+03 
       4.277864963657e-02       1.540249781500e+03 
       4.301314980698e-02       1.532306975411e+03 
       4.325146778222e-02       1.524349565553e+03 
       4.349380076748e-02       1.516376029931e+03 
       4.374036049304e-02       1.508384737536e+03 
       4.399137464107e-02       1.500373938845e+03 
       4.424708844868e-02       1.492341755918e+03 
       4.450776651330e-02       1.484286170173e+03 
       4.477369483127e-02       1.476205009341e+03 
       4.504518310596e-02       1.468095932403e+03 
       4.532256736854e-02       1.459956412276e+03 
       4.560621296210e-02       1.451783716135e+03 
       4.589651795024e-02       1.443574883234e+03 
       4.619391702250e-02       1.435326698449e+03 
       4.649888598396e-02       1.427035661843e+03 
       4.681194693396e-02       1.418697954575e+03 
       4.713367426116e-02       1.410309396776e+03 
       4.746470160921e-02       1.401865399090e+03 
       4.780573000152e-02       1.393360906051e+03 
       4.815753735589e-02       1.384790327042e+03 
       4.852098967303e-02       1.376147454375e+03 
       4.889705425021e-02       1.367425364306e+03 
       4.928681535571e-02       1.358616296109e+03 
       4.969149290742e-02       1.349711504312e+03 
       5.011246483555e-02       1.340701075385e+03 
       5.055129398337e-02       1.331573699156e+03 
       5.100976062206e-02       1.322316381031e+03 
       5.148990193797e-02       1.312914076326e+03 
       5.199406020947e-02       1.303349219311e+03 
       5.252494184116e-02       1.293601113582e+03 
       5.308568998197e-02       1.283645130493e+03 
       5.367997412792e-02       1.273451647477e+03 
       5.431210088455e-02       1.262984622459e+03 
       5.498715087142e-02       1.252199661193e+03 
       5.571114740944e-02       1.241041371426e+03 
       5.649126272804e-02       1.229439705849e+03 
       5.733606609146e-02       1.217304875213e+03 
       5.825581374024e-02       1.204520256813e+03 
       5.926276960721e-02       1.190932540661e+03 
       6.037152263195e-02       1.176338240663e+03 
       6.159922205004e-02       1.160465844292e+03 
       6.296557481295e-02       1.142953803301e+03 
       6.449233353179e-02       1.123327308810e+03 
       6.620187468551e-02       1.100982952781e+03 
       6.811443566555e-02       1.075201058576e+03 
       7.024389007273e-02       1.045217437048e+03 
       7.259285883961e-02       1.010385216938e+03 
       7.514925748817e-02       9.704196325692e+02 
       7.788680430838e-02       9.256426787867e+02 
       8.077017906371e-02       8.770923626961e+02 
       8.376242616788e-02       8.264125425418e+02 
       8.683099904730e-02       7.755668287477e+02 
       8.995057339875e-02       7.265026335253e+02 
       9.310308678726e-02       6.808755844898e+02 
       9.627639315266e-02       6.398822057107e+02 
       9.946263356710e-02       6.041984296756e+02 
       1.026568463025e-01       5.739980630202e+02 
       1.058559464448e-01       5.490206749638e+02 
       1.090580339900e-01       5.286633894895e+02 
       1.122619453952e-01       5.120799654501e+02 
       1.154669705225e-01       4.982793166442e+02 
       1.186726767745e-01       4.862213350456e+02 
       1.218788008579e-01       4.749091908396e+02 
       1.250851825478e-01       4.634748919385e+02 
       1.282917242927e-01       4.512511341201e+02 
       1.314983666304e-01       4.378202757367e+02 
       1.347050732428e-01       4.230326487503e+02 
       1.379118218784e-01       4.069913210551e+02 
       1.411185988389e-01       3.900070724464e+02 
       1.443253956324e-01       3.725329189227e+02 
       1.475322069403e-01       3.550902703855e+02 
       1.477104874446e-01       3.541321175908e+02 
       1.507390293830e-01       3.381982511052e+02 
       1.539458607691e-01       3.223148538391e+02 
       1.571526996392e-01       3.077948380438e+02 
       1.603595449881e-01       2.948657719876e+02 
       1.635663960952e-01       2.836209611036e+02 
       1.667732524208e-01       2.740263642506e+02 
       1.699801135422e-01       2.659379197994e+02 
       1.731869791149e-01       2.591257579702e+02 
       1.763938488480e-01       2.533023004660e+02 
       1.796007224886e-01       2.481518286680e+02 
       1.828075998122e-01       2.433716019253e+02 
       1.860144806163e-01       2.387172445976e+02 
       1.892213647163e-01       2.338908647010e+02 
       1.924282519421e-01       2.287131445521e+02 
       1.956351421364e-01       2.230852013910e+02 
       1.988420351530e-01       2.169936024821e+02 
       2.020489308557e-01       2.105035770906e+02 
       2.052558291171e-01       2.037409530907e+02 
       2.084627298178e-01       1.968669497722e+02 
       2.116696328459e-01       1.900519372121e+02 
       2.148765380964e-01       1.834537202336e+02 
       2.180834454704e-01       1.772033282186e+02 
       2.212903548750e-01       1.713981993031e+02 
       2.244972662223e-01       1.661004379145e+02 
       2.277041794299e-01       1.613374475280e+02 
       2.309110944195e-01       1.571032329942e+02 
       2.341180111176e-01       1.533602971984e+02 
       2.373249294543e-01       1.500431458282e+02 
       2.405318493637e-01       1.470645161532e+02 
       2.437387707832e-01       1.443245543701e+02 
       2.469456936538e-01       1.417218275413e+02 
       2.501526179192e-01       1.391641356856e+02 
       2.533595435261e-01       1.365769629238e+02 
       2.565664704240e-01       1.339082543079e+02 
       2.597733985646e-01       1.311294886558e+02 
       2.629803279023e-01       1.282340942408e+02 
       2.661872583935e-01       1.252345636303e+02 
       2.693941899969e-01       1.221591856582e+02 
       2.726011226729e-01       1.190485211808e+02 
       2.758080563838e-01       1.159512227433e+02 
       2.790149910939e-01       1.129188532346e+02 
       2.822219267688e-01       1.099999496872e+02 
       2.854288633759e-01       1.072342690133e+02 
       2.886358008839e-01       1.046484578478e+02 
       2.918427392629e-01       1.022541259530e+02 
       2.950496784844e-01       1.000485428159e+02 
       2.982566185211e-01       9.801735608847e+01 
       3.014635593468e-01       9.613821186739e+01 
       3.046705009364e-01       9.438417951188e+01 
       3.078774432661e-01       9.272635830836e+01 
       3.110843863127e-01       9.113568496455e+01 
       3.142913300542e-01       8.958440371738e+01 
       3.174982744694e-01       8.804768680666e+01 
       3.207052195381e-01       8.650555343069e+01 
       3.239121652408e-01       8.494473686244e+01 
       3.271191115586e-01       8.335987772264e+01 
       3.303260584736e-01       8.175348500020e+01 
       3.335330059685e-01       8.013455905320e+01 
       3.367399540267e-01       7.851626577587e+01 
       3.399469026321e-01       7.691340901331e+01 
       3.431538517692e-01       7.534037389618e+01 
       3.463608014234e-01       7.380989414132e+01 
       3.495677515802e-01       7.233252802097e+01 
       3.527747022260e-01       7.091645173509e+01 
       3.559816533473e-01       6.956718337345e+01 
       3.591886049315e-01       6.828710186740e+01 
       3.623955569662e-01       6.707495246719e+01 
       3.656025094395e-01       6.592570666770e+01 
       3.688094623399e-01       6.483107686557e+01 
       3.720164156563e-01       6.378071422463e+01 
       3.752233693780e-01       6.276379491670e+01 
       3.784303234946e-01       6.177051580623e+01 
       3.816372779962e-01       6.079307624240e+01 
       3.848442328731e-01       5.982597573400e+01 
       3.880511881159e-01       5.886576928625e+01 
       3.912581437156e-01       5.791061909918e+01 
       3.944650996635e-01       5.695996874632e+01 
       3.976720559511e-01       5.601447308113e+01 
       4.008790125703e-01       5.507607742142e+01 
       4.040859695130e-01       5.414799821394e+01 
       4.072929267717e-01       5.323439700891e+01 
       4.104998843388e-01       5.233972228437e+01 
       4.137068422072e-01       5.146790452504e+01 
       4.169138003700e-01       5.062169841002e+01 
       4.201207588203e-01       4.980240825880e+01 
       4.233277175516e-01       4.901004754803e+01 
       4.265346765575e-01       4.824377753977e+01 
       4.297416358319e-01       4.750236051766e+01 
       4.329485953687e-01       4.678440417562e+01 
       4.361555551622e-01       4.608833342267e+01 
       4.393625152067e-01       4.541220568700e+01 
       4.425694754968e-01       4.475357995128e+01 
       4.457764360270e-01       4.410961216193e+01 
       4.489833967924e-01       4.347740568754e+01 
       4.521903577877e-01       4.285448656357e+01 
       4.553973190083e-01       4.223919237229e+01 
       4.586042804492e-01       4.163080428828e+01 
       4.618112421060e-01       4.102938499879e+01 
       4.650182039741e-01       4.043544535451e+01 
       4.682251660491e-01       3.984961468290e+01 
       4.714321283269e-01       3.927247961315e+01 
       4.746390908033e-01       3.870462116659e+01 
       4.778460534743e-01       3.814675721174e+01 
       4.810530163361e-01       3.759983522295e+01 
       4.842599793847e-01       3.706495788664e+01 
       4.874669426165e-01       3.654313528697e+01 
       4.906739060278e-01       3.603497126008e+01 
       4.938808696153e-01       3.554043934071e+01 
       4.970878333754e-01       3.505886662774e+01 
       5.002947973049e-01       3.458913193395e+01 
       5.035017614005e-01       3.412997822258e+01 
       5.067087256589e-01       3.368028859625e+01 
       5.099156900772e-01       3.323921038952e+01 
       5.131226546524e-01       3.280610688233e+01 
       5.163296193814e-01       3.238041469072e+01 
       5.195365842615e-01       3.196152866399e+01 
       5.227435492898e-01       3.154880494750e+01 
       5.259505144637e-01       3.114168825621e+01 
       5.291574797805e-01       3.073988531463e+01 
       5.323644452375e-01       3.034347154420e+01 
       5.355714108323e-01       2.995285564832e+01 
       5.387783765624e-01       2.956860474143e+01 
       5.419853424254e-01       2.919121464087e+01 
       5.451923084189e-01       2.882093789385e+01 
       5.483992745406e-01       2.845774745301e+01 
       5.516062407884e-01       2.810143652172e+01 
       5.548132071599e-01       2.775178136813e+01 
       5.580201736531e-01       2.740866534804e+01 
       5.612271402659e-01       2.707209407269e+01 
       5.644341069962e-01       2.674210127318e+01 
       5.676410738421e-01       2.641861114171e+01 
       5.708480408015e-01       2.610134702429e+01 
       5.740550078726e-01       2.578984637392e+01 
       5.772619750534e-01       2.548357709428e+01 
       5.804689423423e-01       2.518209118932e+01 
       5.836759097374e-01       2.488513130919e+01 
       5.868828772369e-01       2.459263537890e+01 
       5.900898448391e-01       2.430464487342e+01 
       5.932968125424e-01       2.402117687521e+01 
       5.965037803451e-01       2.374213745321e+01 
       5.997107482457e-01       2.346732501099e+01 
       6.029177162426e-01       2.319651712264e+01 
       6.061246843342e-01       2.292958318946e+01 
       6.093316525190e-01       2.266655222887e+01 
       6.125386207956e-01       2.240759248312e+01 
       6.157455891625e-01       2.215291247688e+01 
       6.189525576183e-01       2.190263898459e+01 
       6.221595261617e-01       2.165673933806e+01 
       6.253664947913e-01       2.141502868542e+01 
       6.285734635058e-01       2.117725298822e+01 
       6.317804323038e-01       2.094319679936e+01 
       6.349874011841e-01       2.071275288428e+01 
       6.381943701455e-01       2.048591715853e+01 
       6.414013391868e-01       2.026271780889e+01 
       6.446083083067e-01       2.004312604470e+01 
       6.478152775041e-01       1.982700439830e+01 
       6.510222467778e-01       1.961412442689e+01 
       6.542292161267e-01       1.940424327166e+01 
       6.574361855497e-01       1.919719363820e+01 
       6.606431550457e-01       1.899293407887e+01 
       6.638501246137e-01       1.879153166948e+01 
       6.670570942526e-01       1.859308853865e+01 
       6.702640639615e-01       1.839765593261e+01 
       6.734710337392e-01       1.820518481275e+01 
       6.766780035848e-01       1.801553963803e+01 
       6.798849734974e-01       1.782856371750e+01 
       6.830919434760e-01       1.764415464103e+01 
       6.862989135196e-01       1.746230463343e+01 
       6.895058836275e-01       1.728308277769e+01 
       6.927128537986e-01       1.710657038578e+01 
       6.959198240321e-01       1.693278886057e+01 
       6.991267943272e-01       1.676166250890e+01 
       7.023337646829e-01       1.659303685387e+01 
       7.055407350985e-01       1.642674040762e+01 
       7.087477055732e-01       1.626265324465e+01 
       7.119546761061e-01       1.610074240010e+01 
       7.151616466965e-01       1.594104544073e+01 
       7.183686173436e-01       1.578361453779e+01 
       7.215755880466e-01       1.562845521580e+01 
       7.247825588048e-01       1.547549677163e+01 
       7.279895296174e-01       1.532461089966e+01 
       7.311965004839e-01       1.517566584487e+01 
       7.344034714033e-01       1.502858339898e+01 
       7.376104423751e-01       1.488336485242e+01 
       7.408174133985e-01       1.474007067713e+01 
       7.440243844730e-01       1.459876760277e+01 
       7.472313555978e-01       1.445947378818e+01 
       7.504383267722e-01       1.432213389446e+01 
       7.536452979958e-01       1.418663824854e+01 
       7.568522692677e-01       1.405287211593e+01 
       7.600592405875e-01       1.392076606040e+01 
       7.632662119544e-01       1.379031816588e+01 
       7.664731833680e-01       1.366157479726e+01 
       7.696801548277e-01       1.353458421934e+01 
       7.728871263327e-01       1.340935020722e+01 
       7.760940978827e-01       1.328581277282e+01 
       7.793010694770e-01       1.316386812536e+01 
       8.598363124039e-01       1.054918761431e+01 
       9.813722504210e-01       7.805451762110e+00 
       1.178395238573e+00       5.112615336134e+00 
       1.477104874446e+00       3.004219527356e+00 
