# Matter power spectrum P(k) at redshift z=3
# for k=1.0432e-05 to 1.4771 h/Mpc,
# number of wavenumbers equal to 615
#    1:k (h/Mpc)              2:P (Mpc/h)^3        
       1.043203858107e-05       5.012919031300e+00 
       2.328528449531e-05       1.089924858237e+01 
       3.618354969989e-05       1.669398645394e+01 
       4.916138864246e-05       2.245489519061e+01 
       6.225392497493e-05       2.821554023088e+01 
       7.549716340066e-05       3.400149716982e+01 
       8.892831145342e-05       3.983491055502e+01 
       1.025861154711e-04       4.573637095766e+01 
       1.165112150596e-04       5.172588482501e+01 
       1.307465203755e-04       5.782346847627e+01 
       1.453376165637e-04       6.404956641303e+01 
       1.603331996287e-04       7.042538186752e+01 
       1.757855478448e-04       7.697316279428e+01 
       1.917510324528e-04       8.371646638174e+01 
       2.082906707497e-04       9.068041508569e+01 
       2.254707236280e-04       9.789195154500e+01 
       2.433633380032e-04       1.053800960995e+02 
       2.620472321550e-04       1.131762078203e+02 
       2.816084185516e-04       1.213142473411e+02 
       3.021409538893e-04       1.298310369509e+02 
       3.237476995035e-04       1.387665100748e+02 
       3.465410665898e-04       1.481639382200e+02 
       3.706437094443e-04       1.580701185229e+02 
       3.961891159353e-04       1.685354991291e+02 
       4.233220276619e-04       1.796142128423e+02 
       4.521986032284e-04       1.913639820989e+02 
       4.829862180612e-04       2.038458510320e+02 
       5.158627756459e-04       2.171236943672e+02 
       5.510153919276e-04       2.312634499518e+02 
       5.886383125517e-04       2.463320243253e+02 
       6.289299388198e-04       2.623958319090e+02 
       6.720888804819e-04       2.795189511198e+02 
       7.183090282524e-04       2.977609171451e+02 
       7.677737483162e-04       3.171742210995e+02 
       8.206494391256e-04       3.378016449166e+02 
       8.770788403848e-04       3.596736217818e+02 
       9.371746166704e-04       3.828058597885e+02 
       1.001013817723e-03       4.071974861581e+02 
       1.068633810532e-03       4.328299477146e+02 
       1.140030166559e-03       4.596668354742e+02 
       1.215156778515e-03       4.876546948598e+02 
       1.293928211520e-03       5.167247583920e+02 
       1.376224019721e-03       5.467954222395e+02 
       1.461894540229e-03       5.777752075041e+02 
       1.477104874446e-03       5.832410989880e+02 
       1.550767553326e-03       6.095659169119e+02 
       1.642655184329e-03       6.420657181368e+02 
       1.737360502628e-03       6.751719434829e+02 
       1.834683413079e-03       7.087834721978e+02 
       1.934425595065e-03       7.428026366865e+02 
       2.036394392999e-03       7.771355147612e+02 
       2.140405679108e-03       8.116954065333e+02 
       2.246285787930e-03       8.464027406426e+02 
       2.353872664512e-03       8.811839071825e+02 
       2.463016382300e-03       9.159721566912e+02 
       2.573579181060e-03       9.507074541688e+02 
       2.685435158221e-03       9.853361823189e+02 
       2.798469724975e-03       1.019810738273e+03 
       2.912578915671e-03       1.054089064517e+03 
       3.027668618001e-03       1.088134150576e+03 
       3.143653773431e-03       1.121913536225e+03 
       3.260457582606e-03       1.155398839462e+03 
       3.378010738993e-03       1.188565323777e+03 
       3.496250705281e-03       1.221391510742e+03 
       3.615121040725e-03       1.253858836895e+03 
       3.734570783069e-03       1.285951349328e+03 
       3.854553885579e-03       1.317655432636e+03 
       3.975028707668e-03       1.348959560520e+03 
       4.095957556333e-03       1.379854067504e+03 
       4.217306274862e-03       1.410330938759e+03 
       4.339043874986e-03       1.440383618064e+03 
       4.461142208523e-03       1.470006834748e+03 
       4.583575674669e-03       1.499196450268e+03 
       4.706320959301e-03       1.527949323973e+03 
       4.829356802872e-03       1.556263196340e+03 
       4.952663793793e-03       1.584136587056e+03 
       5.076224184464e-03       1.611568705028e+03 
       5.200021727408e-03       1.638559367834e+03 
       5.324041529224e-03       1.665108769652e+03 
       5.448269920323e-03       1.691217804455e+03 
       5.572694338645e-03       1.716887799166e+03 
       5.697303225763e-03       1.742120351638e+03 
       5.822085933940e-03       1.766917379107e+03 
       5.947032642919e-03       1.791281081453e+03 
       6.072134285322e-03       1.815213910625e+03 
       6.197382479703e-03       1.838718543496e+03 
       6.322769470382e-03       1.861797857516e+03 
       6.448288073327e-03       1.884454910401e+03 
       6.573931627403e-03       1.906692906998e+03 
       6.699693950400e-03       1.928515182549e+03 
       6.825569299336e-03       1.949925180096e+03 
       6.951552334565e-03       1.970926429378e+03 
       7.077638087285e-03       1.991522530577e+03 
       7.203821930093e-03       2.011717140261e+03 
       7.330099550274e-03       2.031513960698e+03 
       7.456466925527e-03       2.050916732424e+03 
       7.582920301897e-03       2.069929227235e+03 
       7.709456173672e-03       2.088555243469e+03 
       7.836071265073e-03       2.106798600706e+03 
       7.962762513527e-03       2.124663134604e+03 
       8.089527054406e-03       2.142152692351e+03 
       8.216362207055e-03       2.159271126927e+03 
       8.343265462011e-03       2.176022293198e+03 
       8.470234469290e-03       2.192410042615e+03 
       8.597267027637e-03       2.208438212894e+03 
       8.724361074668e-03       2.224110905569e+03 
       8.851514677796e-03       2.239432147081e+03 
       8.978726025898e-03       2.254405209149e+03 
       9.105993421638e-03       2.269033874989e+03 
       9.233315274388e-03       2.283321901142e+03 
       9.360690093711e-03       2.297273015533e+03 
       9.488116483339e-03       2.310890918509e+03 
       9.615593135612e-03       2.324179281952e+03 
       9.743118826341e-03       2.337141749249e+03 
       9.870692410054e-03       2.349781936085e+03 
       9.998312815599e-03       2.362103430777e+03 
       1.012597904207e-02       2.374109795514e+03 
       1.025369015502e-02       2.385804566506e+03 
       1.038144528298e-02       2.397191254569e+03 
       1.050924361422e-02       2.408273345019e+03 
       1.063708439368e-02       2.419054297069e+03 
       1.076496692024e-02       2.429537542688e+03 
       1.089289054408e-02       2.439726484975e+03 
       1.102085466428e-02       2.449624496501e+03 
       1.114885872656e-02       2.459234917290e+03 
       1.127690222121e-02       2.468561053423e+03 
       1.140498468113e-02       2.477606175879e+03 
       1.153310568005e-02       2.486373520364e+03 
       1.166126483082e-02       2.494866287905e+03 
       1.178946178386e-02       2.503087646590e+03 
       1.191769622571e-02       2.511040733895e+03 
       1.204596787769e-02       2.518728660360e+03 
       1.217427649460e-02       2.526154512136e+03 
       1.230262186359e-02       2.533321354655e+03 
       1.243100380307e-02       2.540232235593e+03 
       1.255942216168e-02       2.546890186719e+03 
       1.268787681738e-02       2.553298225973e+03 
       1.281636767656e-02       2.559459358798e+03 
       1.294489467324e-02       2.565376577250e+03 
       1.307345776832e-02       2.571052859454e+03 
       1.320205694892e-02       2.576491157006e+03 
       1.333069222772e-02       2.581694362378e+03 
       1.345936364235e-02       2.586665269031e+03 
       1.358807125490e-02       2.591406582684e+03 
       1.371681515140e-02       2.595921011475e+03 
       1.384559544138e-02       2.600211222162e+03 
       1.397441225742e-02       2.604280073685e+03 
       1.410326575482e-02       2.608130270208e+03 
       1.423215611127e-02       2.611764540670e+03 
       1.436108352647e-02       2.615185581245e+03 
       1.449004822194e-02       2.618396059033e+03 
       1.461905044075e-02       2.621398615312e+03 
       1.474809044730e-02       2.624195867757e+03 
       1.477104874446e-02       2.624672147017e+03 
       1.487716852712e-02       2.626790411875e+03 
       1.500628498679e-02       2.629184821862e+03 
       1.513544015370e-02       2.631381651214e+03 
       1.526463437604e-02       2.633383433225e+03 
       1.539386802266e-02       2.635192681181e+03 
       1.552314148307e-02       2.636811888799e+03 
       1.565245516732e-02       2.638243530429e+03 
       1.578180950608e-02       2.639490061301e+03 
       1.591120495059e-02       2.640553917772e+03 
       1.604064197270e-02       2.641437517511e+03 
       1.617012106493e-02       2.642143259730e+03 
       1.629964274053e-02       2.642673525376e+03 
       1.642920753356e-02       2.643030677325e+03 
       1.655881599901e-02       2.643217060558e+03 
       1.668846871292e-02       2.643235002351e+03 
       1.681816627252e-02       2.643086812430e+03 
       1.694790929638e-02       2.642774783178e+03 
       1.707769842462e-02       2.642301189764e+03 
       1.720753431904e-02       2.641668290317e+03 
       1.733741766340e-02       2.640878326090e+03 
       1.746734916362e-02       2.639933521559e+03 
       1.759732954802e-02       2.638836084646e+03 
       1.772735956758e-02       2.637588206667e+03 
       1.785743999622e-02       2.636192062659e+03 
       1.798757163111e-02       2.634649811388e+03 
       1.811775529297e-02       2.632963595466e+03 
       1.824799182638e-02       2.631135541433e+03 
       1.837828210017e-02       2.629167759946e+03 
       1.850862700772e-02       2.627062345692e+03 
       1.863902746740e-02       2.624821377696e+03 
       1.876948442293e-02       2.622446919170e+03 
       1.889999884378e-02       2.619941017775e+03 
       1.903057172564e-02       2.617305705605e+03 
       1.916120409084e-02       2.614542999195e+03 
       1.929189698882e-02       2.611654899771e+03 
       1.942265149660e-02       2.608643393061e+03 
       1.955346871933e-02       2.605510449516e+03 
       1.968434979073e-02       2.602258024379e+03 
       1.981529587370e-02       2.598888057526e+03 
       1.994630816085e-02       2.595402473701e+03 
       2.007738787507e-02       2.591803182536e+03 
       2.020853627012e-02       2.588092078460e+03 
       2.033975463131e-02       2.584271040886e+03 
       2.047104427603e-02       2.580341934095e+03 
       2.060240655452e-02       2.576306607376e+03 
       2.073384285047e-02       2.572166894943e+03 
       2.086535458179e-02       2.567924616029e+03 
       2.099694320126e-02       2.563581574894e+03 
       2.112861019736e-02       2.559139560795e+03 
       2.126035709499e-02       2.554600348031e+03 
       2.139218545630e-02       2.549965695955e+03 
       2.152409688148e-02       2.545237348922e+03 
       2.165609300965e-02       2.540417036362e+03 
       2.178817551971e-02       2.535506472848e+03 
       2.192034613126e-02       2.530507357811e+03 
       2.205260660551e-02       2.525421375907e+03 
       2.218495874627e-02       2.520250196724e+03 
       2.231740440095e-02       2.514995474976e+03 
       2.244994546153e-02       2.509658850397e+03 
       2.258258386567e-02       2.504241947696e+03 
       2.271532159778e-02       2.498746376641e+03 
       2.284816069014e-02       2.493173732091e+03 
       2.298110322405e-02       2.487525593768e+03 
       2.311415133104e-02       2.481803526395e+03 
       2.324730719411e-02       2.476009079766e+03 
       2.338057304897e-02       2.470143788652e+03 
       2.351395118536e-02       2.464209172643e+03 
       2.364744394843e-02       2.458206736367e+03 
       2.378105374009e-02       2.452137969338e+03 
       2.391478302049e-02       2.446004346048e+03 
       2.404863430949e-02       2.439807325685e+03 
       2.418261018818e-02       2.433548352528e+03 
       2.431671330048e-02       2.427228855637e+03 
       2.445094635478e-02       2.420850248924e+03 
       2.458531212559e-02       2.414413931038e+03 
       2.471981345533e-02       2.407921285533e+03 
       2.485445325608e-02       2.401373680736e+03 
       2.498923451150e-02       2.394772469777e+03 
       2.512416027867e-02       2.388118990491e+03 
       2.525923369015e-02       2.381414565407e+03 
       2.539445795597e-02       2.374660501905e+03 
       2.552983636579e-02       2.367858092021e+03 
       2.566537229106e-02       2.361008612433e+03 
       2.580106918731e-02       2.354113324534e+03 
       2.593693059648e-02       2.347173474395e+03 
       2.607296014931e-02       2.340190292703e+03 
       2.620916156793e-02       2.333164994795e+03 
       2.634553866834e-02       2.326098780499e+03 
       2.648209536319e-02       2.318992834383e+03 
       2.661883566452e-02       2.311848325581e+03 
       2.675576368662e-02       2.304666407705e+03 
       2.689288364903e-02       2.297448218986e+03 
       2.703019987964e-02       2.290194882202e+03 
       2.716771681786e-02       2.282907504568e+03 
       2.730543901792e-02       2.275587177862e+03 
       2.744337115238e-02       2.268234978403e+03 
       2.758151801559e-02       2.260851966896e+03 
       2.771988452748e-02       2.253439188512e+03 
       2.785847573732e-02       2.245997672936e+03 
       2.799729682775e-02       2.238528434288e+03 
       2.813635311886e-02       2.231032471022e+03 
       2.827565007254e-02       2.223510766079e+03 
       2.841519329686e-02       2.215964286771e+03 
       2.855498855076e-02       2.208393984820e+03 
       2.869504174880e-02       2.200800796224e+03 
       2.883535896621e-02       2.193185641383e+03 
       2.897594644403e-02       2.185549425126e+03 
       2.911681059455e-02       2.177893036417e+03 
       2.925795800693e-02       2.170217348594e+03 
       2.939939545303e-02       2.162523219411e+03 
       2.954112989352e-02       2.154811490686e+03 
       2.968316848419e-02       2.147082988580e+03 
       2.982551858260e-02       2.139338523503e+03 
       2.996818775493e-02       2.131578890076e+03 
       3.011118378318e-02       2.123804867051e+03 
       3.025451467265e-02       2.116017217332e+03 
       3.039818865972e-02       2.108216688069e+03 
       3.054221422003e-02       2.100404010489e+03 
       3.068660007699e-02       2.092579899791e+03 
       3.083135521062e-02       2.084745055364e+03 
       3.097648886687e-02       2.076900160575e+03 
       3.112201056732e-02       2.069045882812e+03 
       3.126793011927e-02       2.061182873310e+03 
       3.141425762641e-02       2.053311767360e+03 
       3.156100349987e-02       2.045433184101e+03 
       3.170817846987e-02       2.037547726354e+03 
       3.185579359785e-02       2.029655980906e+03 
       3.200386028926e-02       2.021758518158e+03 
       3.215239030688e-02       2.013855892292e+03 
       3.230139578485e-02       2.005948640967e+03 
       3.245088924337e-02       1.998037285447e+03 
       3.260088360413e-02       1.990122330527e+03 
       3.275139220646e-02       1.982204264327e+03 
       3.290242882442e-02       1.974283558377e+03 
       3.305400768466e-02       1.966360667266e+03 
       3.320614348519e-02       1.958436028966e+03 
       3.335885141524e-02       1.950510064376e+03 
       3.351214717603e-02       1.942583177274e+03 
       3.366604700277e-02       1.934655754297e+03 
       3.382056768774e-02       1.926728164929e+03 
       3.397572660470e-02       1.918800760961e+03 
       3.413154173457e-02       1.910873876796e+03 
       3.428803169265e-02       1.902947829131e+03 
       3.444521575724e-02       1.895022916612e+03 
       3.460311389997e-02       1.887099419970e+03 
       3.476174681782e-02       1.879177601616e+03 
       3.492113596708e-02       1.871257705466e+03 
       3.508130359921e-02       1.863339956946e+03 
       3.524227279889e-02       1.855424562339e+03 
       3.540406752435e-02       1.847511708986e+03 
       3.556671265013e-02       1.839601564675e+03 
       3.573023401255e-02       1.831694277614e+03 
       3.589465845787e-02       1.823789975950e+03 
       3.606001389368e-02       1.815888767524e+03 
       3.622632934340e-02       1.807990739461e+03 
       3.639363500441e-02       1.800095957826e+03 
       3.656196230995e-02       1.792204467254e+03 
       3.673134399514e-02       1.784316290640e+03 
       3.690181416745e-02       1.776431428290e+03 
       3.707340838192e-02       1.768549857760e+03 
       3.724616372164e-02       1.760671533283e+03 
       3.742011888384e-02       1.752796385076e+03 
       3.759531427200e-02       1.744924318850e+03 
       3.777179209472e-02       1.737055215017e+03 
       3.794959647173e-02       1.729188927990e+03 
       3.812877354767e-02       1.721325285724e+03 
       3.830937161456e-02       1.713464088355e+03 
       3.849144124341e-02       1.705605107785e+03 
       3.867503542613e-02       1.697748086433e+03 
       3.886020972848e-02       1.689892736423e+03 
       3.904702245521e-02       1.682038738272e+03 
       3.923553482857e-02       1.674185739919e+03 
       3.942581118137e-02       1.666333354823e+03 
       3.961791916624e-02       1.658481161637e+03 
       3.981192998252e-02       1.650628701711e+03 
       4.000791862271e-02       1.642775477695e+03 
       4.020596414044e-02       1.634920952113e+03 
       4.040614994234e-02       1.627064544960e+03 
       4.060856410619e-02       1.619205631772e+03 
       4.081329972847e-02       1.611343541203e+03 
       4.102045530433e-02       1.603477552773e+03 
       4.123013514383e-02       1.595606893840e+03 
       4.144244982857e-02       1.587730736539e+03 
       4.165751671336e-02       1.579848194679e+03 
       4.187546047849e-02       1.571958320083e+03 
       4.209641373854e-02       1.564060098572e+03 
       4.232051771492e-02       1.556152445313e+03 
       4.254792298007e-02       1.548234200257e+03 
       4.277879028265e-02       1.540304122773e+03 
       4.301329146418e-02       1.532360885460e+03 
       4.325161047971e-02       1.524403067624e+03 
       4.349394453632e-02       1.516429147816e+03 
       4.374050536634e-02       1.508437495785e+03 
       4.399152065424e-02       1.500426362738e+03 
       4.424723563959e-02       1.492393871571e+03 
       4.450791492254e-02       1.484338004711e+03 
       4.477384450241e-02       1.476256590688e+03 
       4.504533408591e-02       1.468147289560e+03 
       4.532271970780e-02       1.460007575385e+03 
       4.560636671524e-02       1.451834716605e+03 
       4.589667317630e-02       1.443625753637e+03 
       4.619407378553e-02       1.435377472640e+03 
       4.649904435356e-02       1.427086375623e+03 
       4.681210698599e-02       1.418748645065e+03 
       4.713383607852e-02       1.410360102791e+03 
       4.746486528271e-02       1.401916161760e+03 
       4.780589563094e-02       1.393411768398e+03 
       4.815770505120e-02       1.384841334388e+03 
       4.852115955583e-02       1.376198654623e+03 
       4.889722645539e-02       1.367476808090e+03 
       4.928699003348e-02       1.358668037068e+03 
       4.969167022564e-02       1.349763599432e+03 
       5.011264498258e-02       1.340753585115e+03 
       5.055147717149e-02       1.331626688030e+03 
       5.100994709153e-02       1.322369917720e+03 
       5.149009196203e-02       1.312968233954e+03 
       5.199425410037e-02       1.303404076104e+03 
       5.252513995755e-02       1.293656752669e+03 
       5.308589273802e-02       1.283701640895e+03 
       5.368018200447e-02       1.273509123391e+03 
       5.431231444291e-02       1.263043163493e+03 
       5.498737077037e-02       1.252259371940e+03 
       5.571137442609e-02       1.241102359936e+03 
       5.649149778319e-02       1.229502081591e+03 
       5.733631027983e-02       1.217368745105e+03 
       5.825606836538e-02       1.204585718878e+03 
       5.926303621904e-02       1.190999673461e+03 
       6.037180306206e-02       1.176407087089e+03 
       6.159951843346e-02       1.160536386282e+03 
       6.296588957560e-02       1.143025925128e+03 
       6.449266930885e-02       1.123400746695e+03 
       6.620223412442e-02       1.101057229844e+03 
       6.811482107483e-02       1.075275418680e+03 
       7.024430293465e-02       1.045290799047e+03 
       7.259329932723e-02       1.010456193785e+03 
       7.514972424623e-02       9.704866532455e+02 
       7.788729470631e-02       9.257042148137e+02 
       8.077068984553e-02       8.771472018501e+02 
       8.376295415770e-02       8.264600135722e+02 
       8.683154160364e-02       7.756069084288e+02 
       8.995112855355e-02       7.265359171373e+02 
       9.310365317938e-02       6.809031550948e+02 
       9.627696988559e-02       6.399054520443e+02 
       9.946322006847e-02       6.042188590990e+02 
       1.026574422140e-01       5.740171383224e+02 
       1.058565515448e-01       5.490396878004e+02 
       1.090586481424e-01       5.286833703346e+02 
       1.122625685169e-01       5.121016263415e+02 
       1.154676025627e-01       4.983030235537e+02 
       1.186733177023e-01       4.862471085764e+02 
       1.218794506544e-01       4.749367362629e+02 
       1.250858412016e-01       4.635036579269e+02 
       1.282923917968e-01       4.512803957198e+02 
       1.314990429805e-01       4.378492322439e+02 
       1.347057584363e-01       4.230605238665e+02 
       1.379125159137e-01       4.070174532174e+02 
       1.411193017150e-01       3.900309799610e+02 
       1.443261073486e-01       3.725543379218e+02 
       1.475329274962e-01       3.551091605876e+02 
       1.477104874446e-01       3.541547424303e+02 
       1.507397587784e-01       3.382147737427e+02 
       1.539465990037e-01       3.223293301116e+02 
       1.571534467129e-01       3.078076964849e+02 
       1.603603009009e-01       2.948774937948e+02 
       1.635671608470e-01       2.836320296967e+02 
       1.667740260114e-01       2.740372228949e+02 
       1.699808959717e-01       2.659489388933e+02 
       1.731877703832e-01       2.591372122221e+02 
       1.763946489551e-01       2.533143558551e+02 
       1.796015314344e-01       2.481645390930e+02 
       1.828084175967e-01       2.433849309768e+02 
       1.860153072395e-01       2.387310278436e+02 
       1.892222001782e-01       2.339048930486e+02 
       1.924290962426e-01       2.287271694132e+02 
       1.956359952755e-01       2.230989655961e+02 
       1.988428971307e-01       2.170068699189e+02 
       2.020498016720e-01       2.105161568557e+02 
       2.052567087719e-01       2.037527152426e+02 
       2.084636183111e-01       1.968778317846e+02 
       2.116705301778e-01       1.900619421486e+02 
       2.148774442668e-01       1.834629087121e+02 
       2.180843604793e-01       1.772118064742e+02 
       2.212912787223e-01       1.714061051574e+02 
       2.244981989081e-01       1.661079259041e+02 
       2.277051209541e-01       1.613446741273e+02 
       2.309120447822e-01       1.571103428494e+02 
       2.341189703186e-01       1.533674114102e+02 
       2.373258974937e-01       1.500503533246e+02 
       2.405328262415e-01       1.470718689478e+02 
       2.437397564995e-01       1.443320670048e+02 
       2.469466882084e-01       1.417294803756e+02 
       2.501536213122e-01       1.391718811922e+02 
       2.533605557575e-01       1.365847338482e+02 
       2.565674914936e-01       1.339159725728e+02 
       2.597744284726e-01       1.311370741304e+02 
       2.629813666487e-01       1.282414727653e+02 
       2.661883059782e-01       1.252416738437e+02 
       2.693952464199e-01       1.221659841938e+02 
       2.726021879342e-01       1.190549857652e+02 
       2.758091304835e-01       1.159573528442e+02 
       2.790160740318e-01       1.129246681973e+02 
       2.822230185450e-01       1.100054847552e+02 
       2.854299639904e-01       1.072395700233e+02 
       2.886369103367e-01       1.046535755712e+02 
       2.918438575540e-01       1.022591109394e+02 
       2.950508056137e-01       1.000534412620e+02 
       2.982577544887e-01       9.802220686423e+01 
       3.014647041526e-01       9.614304455930e+01 
       3.046716545805e-01       9.438901327276e+01 
       3.078786057484e-01       9.273120140770e+01 
       3.110855576333e-01       9.114053507495e+01 
       3.142925102130e-01       8.958924906949e+01 
       3.174994634665e-01       8.805250825641e+01 
       3.207064173735e-01       8.651032728506e+01 
       3.239133719143e-01       8.494943807501e+01 
       3.271203270704e-01       8.336448293105e+01 
       3.303272828237e-01       8.175797493582e+01 
       3.335342391568e-01       8.013892005026e+01 
       3.367411960532e-01       7.852049038714e+01 
       3.399481534968e-01       7.691749593521e+01 
       3.431551114721e-01       7.534432745472e+01 
       3.463620699645e-01       7.381372352455e+01 
       3.495690289596e-01       7.233624629071e+01 
       3.527759884435e-01       7.092007460129e+01 
       3.559829484031e-01       6.957072771748e+01 
       3.591899088255e-01       6.829058412347e+01 
       3.623968696984e-01       6.707838708945e+01 
       3.656038310099e-01       6.592910495875e+01 
       3.688107927485e-01       6.483444633163e+01 
       3.720177549030e-01       6.378405855124e+01 
       3.752247174629e-01       6.276711440746e+01 
       3.784316804177e-01       6.177380806504e+01 
       3.816386437575e-01       6.079633690681e+01 
       3.848456074726e-01       5.982919911986e+01 
       3.880525715536e-01       5.886894896369e+01 
       3.912595359915e-01       5.791374846939e+01 
       3.944665007775e-01       5.696304167562e+01 
       3.976734659033e-01       5.601748458238e+01 
       4.008804313606e-01       5.507902425162e+01 
       4.040873971415e-01       5.415087924184e+01 
       4.072943632384e-01       5.323721324036e+01 
       4.105013296437e-01       5.234247655683e+01 
       4.137082963503e-01       5.147060098468e+01 
       4.169152633512e-01       5.062434193249e+01 
       4.201222306397e-01       4.980500398343e+01 
       4.233291982091e-01       4.901260056066e+01 
       4.265361660532e-01       4.824629265869e+01 
       4.297431341657e-01       4.750484211040e+01 
       4.329501025407e-01       4.678685593461e+01 
       4.361570711724e-01       4.609075808307e+01 
       4.393640400551e-01       4.541460481670e+01 
       4.425710091833e-01       4.475595384610e+01 
       4.457779785517e-01       4.411195999216e+01 
       4.489849481552e-01       4.347972581811e+01 
       4.521919179887e-01       4.285677698546e+01 
       4.553988880474e-01       4.224145110952e+01 
       4.586058583265e-01       4.163302966978e+01 
       4.618128288214e-01       4.103157578003e+01 
       4.650197995276e-01       4.043760071743e+01 
       4.682267704408e-01       3.985173422179e+01 
       4.714337415568e-01       3.927456336706e+01 
       4.746407128713e-01       3.870666969125e+01 
       4.778476843805e-01       3.814877162273e+01 
       4.810546560803e-01       3.760181719786e+01 
       4.842616279671e-01       3.706690950385e+01 
       4.874686000370e-01       3.654505876903e+01 
       4.906755722866e-01       3.603686868806e+01 
       4.938825447122e-01       3.554231243867e+01 
       4.970895173105e-01       3.506071667917e+01 
       5.002964900781e-01       3.459095981273e+01 
       5.035034630117e-01       3.413178451821e+01 
       5.067104361083e-01       3.368207370531e+01 
       5.099174093648e-01       3.324097457426e+01 
       5.131243827781e-01       3.280785023676e+01 
       5.163313563452e-01       3.238213710253e+01 
       5.195383300635e-01       3.196322980561e+01 
       5.227453039299e-01       3.155048436814e+01 
       5.259522779419e-01       3.114334552343e+01 
       5.291592520968e-01       3.074152016510e+01 
       5.323662263920e-01       3.034508399653e+01 
       5.355732008249e-01       2.995444599781e+01 
       5.387801753931e-01       2.957017347374e+01 
       5.419871500943e-01       2.919276230926e+01 
       5.451941249259e-01       2.882246504358e+01 
       5.484010998858e-01       2.845925459080e+01 
       5.516080749717e-01       2.810292416852e+01 
       5.548150501813e-01       2.775325011732e+01 
       5.580220255127e-01       2.741011589910e+01 
       5.612290009636e-01       2.707352718110e+01 
       5.644359765320e-01       2.674351765717e+01 
       5.676429522160e-01       2.642001136992e+01 
       5.708499280135e-01       2.610273145956e+01 
       5.740569039227e-01       2.579121518647e+01 
       5.772638799417e-01       2.548493034249e+01 
       5.804708560687e-01       2.518342891849e+01 
       5.836778323019e-01       2.488645361757e+01 
       5.868848086395e-01       2.459394242375e+01 
       5.900917850799e-01       2.430593681888e+01 
       5.932987616213e-01       2.402245383910e+01 
       5.965057382622e-01       2.374339947980e+01 
       5.997127150009e-01       2.346857210605e+01 
       6.029196918358e-01       2.319774932423e+01 
       6.061266687655e-01       2.293080064456e+01 
       6.093336457885e-01       2.266775522767e+01 
       6.125406229032e-01       2.240878142942e+01 
       6.157476001082e-01       2.215408780910e+01 
       6.189545774022e-01       2.190380109404e+01 
       6.221615547837e-01       2.165788852162e+01 
       6.253685322514e-01       2.141616515443e+01 
       6.285755098040e-01       2.117837692208e+01 
       6.317824874401e-01       2.094430840567e+01 
       6.349894651586e-01       2.071385242479e+01 
       6.381964429581e-01       2.048700493155e+01 
       6.414034208375e-01       2.026379409096e+01 
       6.446103987955e-01       2.004419103221e+01 
       6.478173768310e-01       1.982805818995e+01 
       6.510243549428e-01       1.961516704653e+01 
       6.542313331298e-01       1.940527473415e+01 
       6.574383113910e-01       1.919821400862e+01 
       6.606452897251e-01       1.899394350472e+01 
       6.638522681312e-01       1.879253035803e+01 
       6.670592466082e-01       1.859407670923e+01 
       6.702662251552e-01       1.839863375927e+01 
       6.734732037710e-01       1.820615240585e+01 
       6.766801824547e-01       1.801649706635e+01 
       6.798871612054e-01       1.782951105913e+01 
       6.830941400221e-01       1.764509203023e+01 
       6.863011189039e-01       1.746323227675e+01 
       6.895080978499e-01       1.728400092900e+01 
       6.927150768591e-01       1.710747929201e+01 
       6.959220559307e-01       1.693368871219e+01 
       6.991290350639e-01       1.676255341973e+01 
       7.023360142577e-01       1.659391888504e+01 
       7.055429935115e-01       1.642761361378e+01 
       7.087499728242e-01       1.626351771894e+01 
       7.119569521953e-01       1.610159829080e+01 
       7.151639316238e-01       1.594189292985e+01 
       7.183709111089e-01       1.578445379578e+01 
       7.215778906501e-01       1.562928636356e+01 
       7.247848702464e-01       1.547631986832e+01 
       7.279918498972e-01       1.532542596826e+01 
       7.311988296017e-01       1.517647291681e+01 
       7.344058093592e-01       1.502938255323e+01 
       7.376127891691e-01       1.488415622782e+01 
       7.408197690307e-01       1.474085444702e+01 
       7.440267489432e-01       1.459954393376e+01 
       7.472337289061e-01       1.446024280206e+01 
       7.504407089187e-01       1.432289565733e+01 
       7.536476889803e-01       1.418739279599e+01 
       7.568546690904e-01       1.405361949116e+01 
       7.600616492483e-01       1.392150634855e+01 
       7.632686294533e-01       1.379105150163e+01 
       7.664756097050e-01       1.366230134062e+01 
       7.696825900028e-01       1.353530411711e+01 
       7.728895703460e-01       1.341006356110e+01 
       7.760965507340e-01       1.328651963104e+01 
       7.793035311664e-01       1.316456850832e+01 
       8.598391312641e-01       1.054974543376e+01 
       9.813756645446e-01       7.805860527233e+00 
       1.178399631656e+00       5.112879743057e+00 
       1.477104874446e+00       3.004401347461e+00 
