# Matter power spectrum P(k) at redshift z=0
# for k=1.02089e-05 to 1.4771 h/Mpc,
# number of wavenumbers equal to 609
#    1:k (h/Mpc)              2:P (Mpc/h)^3        
       1.020887153728e-05       4.202931813742e+01 
       2.306064943826e-05       9.244367332886e+01 
       3.595684120405e-05       1.420643448034e+02 
       4.893198611325e-05       1.913945740282e+02 
       6.202118709392e-05       2.407256035968e+02 
       7.526042231512e-05       2.902793773028e+02 
       8.868686663154e-05       3.402483504369e+02 
       1.023392271411e-04       3.908118504455e+02 
       1.162580971481e-04       4.415370080128e+02 
       1.304863328582e-04       4.937232086356e+02 
       1.450694571390e-04       5.470021843770e+02 
       1.600560946239e-04       6.015639296307e+02 
       1.754984422688e-04       6.573968026982e+02 
       1.914527791141e-04       7.152300532712e+02 
       2.079800183717e-04       7.747041346450e+02 
       2.251463039185e-04       8.366203322914e+02 
       2.430236516676e-04       9.001066178164e+02 
       2.616906338990e-04       9.673470989080e+02 
       2.812331011960e-04       1.036147197469e+03 
       3.017449318304e-04       1.109821304549e+03 
       3.233287918999e-04       1.184937239312e+03 
       3.460968808573e-04       1.265293322200e+03 
       3.701716258919e-04       1.349356635362e+03 
       3.956862746947e-04       1.440120314749e+03 
       4.227853194351e-04       1.532956218542e+03 
       4.516246658008e-04       1.633654148026e+03 
       4.823714409578e-04       1.740730502564e+03 
       5.152033156945e-04       1.852176607134e+03 
       5.503072027293e-04       1.972871708452e+03 
       5.878771908279e-04       2.100384786048e+03 
       6.281115901291e-04       2.238309376855e+03 
       6.712090057306e-04       2.382353469742e+03 
       7.173634306357e-04       2.537185177827e+03 
       7.667584578230e-04       2.701586756220e+03 
       8.195608487202e-04       2.876245082836e+03 
       8.759138448861e-04       3.061571705218e+03 
       9.359307428479e-04       3.257660225644e+03 
       9.996893329892e-04       3.464167054545e+03 
       1.067227798437e-03       3.680675444871e+03 
       1.138542560311e-03       3.907502930268e+03 
       1.213588348554e-03       4.143750100378e+03 
       1.292280508853e-03       4.389101283850e+03 
       1.374499282028e-03       4.642893058312e+03 
       1.460095571591e-03       4.903886266926e+03 
       1.477104874446e-03       4.955564244149e+03 
       1.548897590154e-03       5.171577888746e+03 
       1.640717759625e-03       5.444857555272e+03 
       1.735359318630e-03       5.722975059225e+03 
       1.832622229343e-03       6.005108403566e+03 
       1.932308135884e-03       6.290164251179e+03 
       2.034224275304e-03       6.577439884482e+03 
       2.138186359949e-03       6.866274571330e+03 
       2.244020529309e-03       7.155843203855e+03 
       2.351564512739e-03       7.445680285161e+03 
       2.460668158844e-03       7.735000060062e+03 
       2.571193482105e-03       8.023424509102e+03 
       2.683014360467e-03       8.310423683345e+03 
       2.796015995652e-03       8.595792421949e+03 
       2.910094225186e-03       8.878927503456e+03 
       3.025154753989e-03       9.159678337813e+03 
       3.141112355343e-03       9.437695730166e+03 
       3.257890076204e-03       9.712817828503e+03 
       3.375418470343e-03       9.984808946121e+03 
       3.493634873976e-03       1.025351623919e+04 
       3.612482732204e-03       1.051878338469e+04 
       3.731910979945e-03       1.078049908629e+04 
       3.851873477990e-03       1.103854939441e+04 
       3.972328502656e-03       1.129287437461e+04 
       4.093238286306e-03       1.154337922413e+04 
       4.214568605205e-03       1.179004170125e+04 
       4.336288410883e-03       1.203278684154e+04 
       4.458369501056e-03       1.227160202241e+04 
       4.580786226278e-03       1.250648277387e+04 
       4.703515228653e-03       1.273735552344e+04 
       4.826535209204e-03       1.296427796130e+04 
       4.949826720792e-03       1.318721584882e+04 
       5.073371983732e-03       1.340618873478e+04 
       5.197154721548e-03       1.362119308948e+04 
       5.321160014603e-03       1.383227789292e+04 
       5.445374169540e-03       1.403944205513e+04 
       5.569784602744e-03       1.424270422223e+04 
       5.694379736203e-03       1.444206407044e+04 
       5.819148904374e-03       1.463753411243e+04 
       5.944082270783e-03       1.482911131773e+04 
       6.069170753267e-03       1.501690134690e+04 
       6.194405956875e-03       1.520099006197e+04 
       6.319780113586e-03       1.538145506107e+04 
       6.445286028067e-03       1.556056036586e+04 
       6.570917028824e-03       1.573136797651e+04 
       6.696666924141e-03       1.590247720057e+04 
       6.822529962299e-03       1.606774540439e+04 
       6.948500795611e-03       1.622900855786e+04 
       7.074574447868e-03       1.638790004304e+04 
       7.200746284837e-03       1.654566600889e+04 
       7.327011987489e-03       1.669621077078e+04 
       7.453367527690e-03       1.684412521191e+04 
       7.579809146078e-03       1.698901191818e+04 
       7.706333331938e-03       1.713134783179e+04 
       7.832936804838e-03       1.727245391842e+04 
       7.959616497891e-03       1.740584897574e+04 
       8.086369542449e-03       1.753648185315e+04 
       8.213193254116e-03       1.766812517449e+04 
       8.340085119943e-03       1.778995404903e+04 
       8.467042786687e-03       1.791274586388e+04 
       8.594064050053e-03       1.803226118461e+04 
       8.721146844808e-03       1.815146025327e+04 
       8.848289235702e-03       1.826844854513e+04 
       8.975489409112e-03       1.837293084143e+04 
       9.102745665353e-03       1.848302764885e+04 
       9.230056411594e-03       1.858544805168e+04 
       9.357420155322e-03       1.869269127504e+04 
       9.484835498316e-03       1.878645269090e+04 
       9.612301131073e-03       1.888581727619e+04 
       9.739815827664e-03       1.897730704096e+04 
       9.867378440974e-03       1.906916988983e+04 
       9.994987898295e-03       1.915738853634e+04 
       1.012264319724e-02       1.924274804578e+04 
       1.025034340199e-02       1.932738511658e+04 
       1.037808763972e-02       1.940496554283e+04 
       1.050587509745e-02       1.948420825819e+04 
       1.063370501892e-02       1.955937879551e+04 
       1.076157670187e-02       1.963436744199e+04 
       1.088948949539e-02       1.970246361025e+04 
       1.101744279751e-02       1.977033965388e+04 
       1.114543605295e-02       1.983680974698e+04 
       1.127346875106e-02       1.990349508577e+04 
       1.140154042381e-02       1.996069992251e+04 
       1.152965064406e-02       2.002086023647e+04 
       1.165779902381e-02       2.007689271959e+04 
       1.178598521268e-02       2.013073780341e+04 
       1.191420889641e-02       2.018370745811e+04 
       1.204246979557e-02       2.023531760536e+04 
       1.217076766423e-02       2.028144352864e+04 
       1.229910228884e-02       2.032622310227e+04 
       1.242747348711e-02       2.037127303988e+04 
       1.255588110702e-02       2.041327721051e+04 
       1.268432502589e-02       2.045033645029e+04 
       1.281280514948e-02       2.048720467230e+04 
       1.294132141119e-02       2.052274396945e+04 
       1.306987377134e-02       2.055636752856e+04 
       1.319846221645e-02       2.058831000753e+04 
       1.332708675863e-02       2.062115709500e+04 
       1.345574743496e-02       2.064895308981e+04 
       1.358444430698e-02       2.067164252133e+04 
       1.371317746018e-02       2.069547045966e+04 
       1.384194700354e-02       2.071714907454e+04 
       1.397075306915e-02       2.074055357027e+04 
       1.409959581179e-02       2.076036511210e+04 
       1.422847540862e-02       2.077412044149e+04 
       1.435739205885e-02       2.078985834219e+04 
       1.448634598352e-02       2.080271713251e+04 
       1.461533742518e-02       2.081430579879e+04 
       1.474436664774e-02       2.082440545350e+04 
       1.477104874446e-02       2.082757285526e+04 
       1.487343393627e-02       2.083613713363e+04 
       1.500253959684e-02       2.083965864036e+04 
       1.513168395638e-02       2.084524402982e+04 
       1.526086736259e-02       2.085102114900e+04 
       1.539009018384e-02       2.085324472159e+04 
       1.551935280916e-02       2.085358412728e+04 
       1.564865564813e-02       2.085287554929e+04 
       1.577799913093e-02       2.085186603714e+04 
       1.590738370833e-02       2.084536628925e+04 
       1.603680985169e-02       2.084193942343e+04 
       1.616627805305e-02       2.083660574231e+04 
       1.629578882517e-02       2.082791750900e+04 
       1.642534270164e-02       2.081717423709e+04 
       1.655494023694e-02       2.080667725776e+04 
       1.668458200662e-02       2.079528132917e+04 
       1.681426860742e-02       2.078403494577e+04 
       1.694400065740e-02       2.076803212761e+04 
       1.707377879615e-02       2.075408430208e+04 
       1.720360368500e-02       2.073621727651e+04 
       1.733347600718e-02       2.071696306697e+04 
       1.746339646807e-02       2.069685139761e+04 
       1.759336579546e-02       2.067777913756e+04 
       1.772338473980e-02       2.065574444775e+04 
       1.785345407448e-02       2.063338906190e+04 
       1.798357459610e-02       2.060975124797e+04 
       1.811374712483e-02       2.058231741555e+04 
       1.824397250468e-02       2.055574055763e+04 
       1.837425160390e-02       2.052895221023e+04 
       1.850458531531e-02       2.050077590399e+04 
       1.863497455666e-02       2.047226518570e+04 
       1.876542027107e-02       2.044073717550e+04 
       1.889592342741e-02       2.040869263436e+04 
       1.902648502074e-02       2.037606042597e+04 
       1.915710607276e-02       2.034400307113e+04 
       1.928778763225e-02       2.030810824347e+04 
       1.941853077560e-02       2.027429155465e+04 
       1.954933660726e-02       2.023652682508e+04 
       1.968020626030e-02       2.019906753717e+04 
       1.981114089690e-02       2.016255693230e+04 
       1.994214170897e-02       2.012349330171e+04 
       2.007320991868e-02       2.008300122383e+04 
       2.020434677907e-02       2.004239352664e+04 
       2.033555357466e-02       2.000044563496e+04 
       2.046683162212e-02       1.995954497490e+04 
       2.059818227087e-02       1.991454751566e+04 
       2.072960690383e-02       1.987099008286e+04 
       2.086110693808e-02       1.982716992478e+04 
       2.099268382558e-02       1.978090868717e+04 
       2.112433905395e-02       1.973552575099e+04 
       2.125607414723e-02       1.968814075732e+04 
       2.138789066667e-02       1.964057051554e+04 
       2.151979021156e-02       1.959169680630e+04 
       2.165177442010e-02       1.954262528507e+04 
       2.178384497024e-02       1.949446070291e+04 
       2.191600358061e-02       1.944319292669e+04 
       2.204825201143e-02       1.939192763713e+04 
       2.218059206550e-02       1.934027755337e+04 
       2.231302558918e-02       1.928833506218e+04 
       2.244555447340e-02       1.923610493451e+04 
       2.257818065473e-02       1.918202528762e+04 
       2.271090611648e-02       1.912879111443e+04 
       2.284373288977e-02       1.907375009432e+04 
       2.297666305476e-02       1.901944951547e+04 
       2.310969874178e-02       1.896317274235e+04 
       2.324284213259e-02       1.890752468479e+04 
       2.337609546166e-02       1.885062291250e+04 
       2.350946101745e-02       1.879380613409e+04 
       2.364294114378e-02       1.873605515317e+04 
       2.377653824124e-02       1.867900536196e+04 
       2.391025476858e-02       1.862045855692e+04 
       2.404409324425e-02       1.856116755426e+04 
       2.417805624788e-02       1.850166824868e+04 
       2.431214642192e-02       1.844265421605e+04 
       2.444636647321e-02       1.838205259189e+04 
       2.458071917471e-02       1.832207319353e+04 
       2.471520736722e-02       1.826037168553e+04 
       2.484983396119e-02       1.820010542993e+04 
       2.498460193856e-02       1.813846597534e+04 
       2.511951435470e-02       1.807583538970e+04 
       2.525457434037e-02       1.801410229916e+04 
       2.538978510378e-02       1.795102095376e+04 
       2.552514993270e-02       1.788761131971e+04 
       2.566067219666e-02       1.782468233136e+04 
       2.579635534919e-02       1.776170962678e+04 
       2.593220293019e-02       1.769700099905e+04 
       2.606821856834e-02       1.763332862101e+04 
       2.620440598356e-02       1.756869993949e+04 
       2.634076898969e-02       1.750436771974e+04 
       2.647731149708e-02       1.743905296218e+04 
       2.661403751543e-02       1.737468818355e+04 
       2.675095115662e-02       1.730845114584e+04 
       2.688805663774e-02       1.724380145118e+04 
       2.702535828410e-02       1.717715781238e+04 
       2.716286053250e-02       1.711115992364e+04 
       2.730056793449e-02       1.704579963970e+04 
       2.743848515982e-02       1.697852449813e+04 
       2.757661700002e-02       1.691251314314e+04 
       2.771496837205e-02       1.684560766270e+04 
       2.785354432215e-02       1.677838314934e+04 
       2.799235002984e-02       1.671182662382e+04 
       2.813139081200e-02       1.664442830529e+04 
       2.827067212718e-02       1.657698367474e+04 
       2.841019958005e-02       1.650946391606e+04 
       2.854997892601e-02       1.644252380614e+04 
       2.869001607599e-02       1.637441438760e+04 
       2.883031710146e-02       1.630662223217e+04 
       2.897088823960e-02       1.623869535388e+04 
       2.911173589870e-02       1.617093904830e+04 
       2.925286666380e-02       1.610312183499e+04 
       2.939428730250e-02       1.603466770304e+04 
       2.953600477106e-02       1.596644864034e+04 
       2.967802622075e-02       1.589858233415e+04 
       2.982035900442e-02       1.582973069251e+04 
       2.996301068340e-02       1.576140965516e+04 
       3.010598903470e-02       1.569330812746e+04 
       3.024930205839e-02       1.562482389883e+04 
       3.039295798553e-02       1.555630912804e+04 
       3.053696528619e-02       1.548757344230e+04 
       3.068133267803e-02       1.541905408343e+04 
       3.082606913515e-02       1.535057362399e+04 
       3.097118389732e-02       1.528187210561e+04 
       3.111668647975e-02       1.521362664281e+04 
       3.126258668315e-02       1.514492805881e+04 
       3.140889460434e-02       1.507619089049e+04 
       3.155562064736e-02       1.500773970361e+04 
       3.170277553506e-02       1.493943759891e+04 
       3.185037032126e-02       1.487072008456e+04 
       3.199841640346e-02       1.480238335458e+04 
       3.214692553622e-02       1.473355503473e+04 
       3.229590984514e-02       1.466524898094e+04 
       3.244538184153e-02       1.459689089073e+04 
       3.259535443784e-02       1.452845736555e+04 
       3.274584096384e-02       1.446000657618e+04 
       3.289685518360e-02       1.439171347258e+04 
       3.304841131337e-02       1.432341723269e+04 
       3.320052404038e-02       1.425518635680e+04 
       3.335320854259e-02       1.418711687289e+04 
       3.350648050951e-02       1.411914654010e+04 
       3.366035616413e-02       1.405108789361e+04 
       3.381485228601e-02       1.398332009617e+04 
       3.396998623560e-02       1.391505859299e+04 
       3.412577598000e-02       1.384732367038e+04 
       3.428224012001e-02       1.377963522022e+04 
       3.443939791883e-02       1.371187514883e+04 
       3.459726933228e-02       1.364417006028e+04 
       3.475587504086e-02       1.357681662292e+04 
       3.491523648358e-02       1.350922126913e+04 
       3.507537589381e-02       1.344186365428e+04 
       3.523631633731e-02       1.337444585706e+04 
       3.539808175249e-02       1.330717769993e+04 
       3.556069699312e-02       1.324034933012e+04 
       3.572418787370e-02       1.317308023936e+04 
       3.588858121763e-02       1.310600162133e+04 
       3.605390490847e-02       1.303915727220e+04 
       3.622018794441e-02       1.297230309402e+04 
       3.638746049629e-02       1.290556835095e+04 
       3.655575396945e-02       1.283912738614e+04 
       3.672510106962e-02       1.277249167898e+04 
       3.689553587331e-02       1.270593021646e+04 
       3.706709390296e-02       1.263949907182e+04 
       3.723981220723e-02       1.257321335067e+04 
       3.741372944701e-02       1.250702381797e+04 
       3.758888598743e-02       1.244073568856e+04 
       3.776532399650e-02       1.237475796781e+04 
       3.794308755101e-02       1.230864870756e+04 
       3.812222275018e-02       1.224285645821e+04 
       3.830277783784e-02       1.217685716604e+04 
       3.848480333391e-02       1.211120630069e+04 
       3.866835217606e-02       1.204536083568e+04 
       3.885347987244e-02       1.197979863616e+04 
       3.904024466651e-02       1.191418481599e+04 
       3.922870771527e-02       1.184864918918e+04 
       3.941893328203e-02       1.178313649541e+04 
       3.961098894526e-02       1.171779027053e+04 
       3.980494582513e-02       1.165235944780e+04 
       4.000087882952e-02       1.158703857154e+04 
       4.019886692152e-02       1.152191026920e+04 
       4.039899341072e-02       1.145651023554e+04 
       4.060134627089e-02       1.139126667793e+04 
       4.080601848677e-02       1.132606098337e+04 
       4.101310843337e-02       1.126102121363e+04 
       4.122272029143e-02       1.119585770980e+04 
       4.143496450312e-02       1.113056775683e+04 
       4.164995827274e-02       1.106537058521e+04 
       4.186782611784e-02       1.100020983954e+04 
       4.208870047684e-02       1.093496476777e+04 
       4.231272238010e-02       1.086983773323e+04 
       4.254004219258e-02       1.080444285706e+04 
       4.277082043717e-02       1.073922424594e+04 
       4.300522870942e-02       1.067378643707e+04 
       4.324345069577e-02       1.060827553360e+04 
       4.348568330956e-02       1.054270224506e+04 
       4.373213796119e-02       1.047708139659e+04 
       4.398304198160e-02       1.041132259383e+04 
       4.423864022139e-02       1.034538517162e+04 
       4.449919685170e-02       1.027929773800e+04 
       4.476499739771e-02       1.021315061929e+04 
       4.503635104079e-02       1.014667021219e+04 
       4.531359323227e-02       1.008013469407e+04 
       4.559708866960e-02       1.001327570362e+04 
       4.588723469548e-02       9.946184942156e+03 
       4.618446519225e-02       9.878714430972e+03 
       4.648925505850e-02       9.811035396758e+03 
       4.680212537249e-02       9.743043361031e+03 
       4.712364936896e-02       9.674571728271e+03 
       4.745445938318e-02       9.605724144268e+03 
       4.779525494976e-02       9.536450465322e+03 
       4.814681228622e-02       9.466594766250e+03 
       4.850999544399e-02       9.396254348687e+03 
       4.888576947654e-02       9.325289341306e+03 
       4.927521605854e-02       9.253597364884e+03 
       4.967955209674e-02       9.181135405580e+03 
       5.010015200964e-02       9.107846789542e+03 
       5.053857452564e-02       9.033636704164e+03 
       5.099659507083e-02       8.958331097418e+03 
       5.147624509834e-02       8.881855991934e+03 
       5.197986006806e-02       8.804078958222e+03 
       5.251013823452e-02       8.724782826089e+03 
       5.307021295679e-02       8.643748463788e+03 
       5.366374191647e-02       8.560783692057e+03 
       5.429501740214e-02       8.475500273709e+03 
       5.496910262683e-02       8.387594530411e+03 
       5.569199970926e-02       8.296555830749e+03 
       5.647085506345e-02       8.201838126538e+03 
       5.731420664589e-02       8.102624944499e+03 
       5.823227309520e-02       7.998028976975e+03 
       5.923727403835e-02       7.886706478354e+03 
       6.034374802624e-02       7.767088513193e+03 
       6.156879065306e-02       7.636937502882e+03 
       6.293205895776e-02       7.493425394100e+03 
       6.445527314474e-02       7.332861149819e+03 
       6.616081758789e-02       7.150651132803e+03 
       6.806900802201e-02       6.941491351004e+03 
       7.019389273957e-02       6.700002344938e+03 
       7.253836085734e-02       6.422053757896e+03 
       7.509063450447e-02       6.106643734409e+03 
       7.782468089839e-02       5.757599939701e+03 
       8.070529191551e-02       5.384103796043e+03 
       8.369547875035e-02       4.999482748102e+03 
       8.676257019743e-02       4.618760906575e+03 
       8.988109186914e-02       4.256059762314e+03 
       9.303284812960e-02       3.922655019139e+03 
       9.620559165517e-02       3.625979011153e+03 
       9.939139311943e-02       3.369479151414e+03 
       1.025852444073e-01       3.153027603486e+03 
       1.057840310161e-01       2.973643856745e+03 
       1.089858344364e-01       2.826289100843e+03 
       1.121894796897e-01       2.704640509591e+03 
       1.153942496218e-01       2.601780173618e+03 
       1.185997073496e-01       2.510818378046e+03 
       1.218055869686e-01       2.425450532653e+03 
       1.250117266653e-01       2.340434673850e+03 
       1.282180279229e-01       2.251963477205e+03 
       1.314244306921e-01       2.157872106932e+03 
       1.346308982984e-01       2.057652406138e+03 
       1.378374082734e-01       1.952261336170e+03 
       1.410439467870e-01       1.843773152905e+03 
       1.442505052668e-01       1.734932836300e+03 
       1.474570783454e-01       1.628701776646e+03 
       1.477104874446e-01       1.620501826149e+03 
       1.506636626129e-01       1.527847735885e+03 
       1.538702558596e-01       1.434651068198e+03 
       1.570768566147e-01       1.350719085141e+03 
       1.602834638658e-01       1.276901894337e+03 
       1.634900768878e-01       1.213322714840e+03 
       1.666966951381e-01       1.159463473844e+03 
       1.699033181922e-01       1.114285576834e+03 
       1.731099457042e-01       1.076374994923e+03 
       1.763165773822e-01       1.044104881771e+03 
       1.795232129728e-01       1.015778994409e+03 
       1.827298522510e-01       9.897663179755e+02 
       1.859364950138e-01       9.646613959523e+02 
       1.891431410762e-01       9.396145825345e+02 
       1.923497902679e-01       9.134444825152e+02 
       1.955564424314e-01       8.856915791208e+02 
       1.987630974203e-01       8.562886450010e+02 
       2.019697550981e-01       8.255275053392e+02 
       2.051764153372e-01       7.939820088318e+02 
       2.083830780181e-01       7.623970015250e+02 
       2.115897430288e-01       7.315701593980e+02 
       2.147964102641e-01       7.022437065233e+02 
       2.180030796250e-01       6.750211740503e+02 
       2.212097510184e-01       6.503234771250e+02 
       2.244164243564e-01       6.283762811516e+02 
       2.276230995563e-01       6.092211911500e+02 
       2.308297765401e-01       5.927408474845e+02 
       2.340364552337e-01       5.786873331720e+02 
       2.372431355675e-01       5.667098061014e+02 
       2.404498174754e-01       5.563856778432e+02 
       2.436565008948e-01       5.472504657334e+02 
       2.468631857665e-01       5.388360972971e+02 
       2.500698720342e-01       5.307091553917e+02 
       2.532765596446e-01       5.225059595259e+02 
       2.564832485469e-01       5.139617667051e+02 
       2.596899386931e-01       5.049234782394e+02 
       2.628966300374e-01       4.953467793478e+02 
       2.661033225361e-01       4.852868105815e+02 
       2.693100161478e-01       4.748723870982e+02 
       2.725167108330e-01       4.642864270798e+02 
       2.757234065540e-01       4.537392116511e+02 
       2.789301032749e-01       4.434513575531e+02 
       2.821368009614e-01       4.336302276350e+02 
       2.853434995807e-01       4.244518849646e+02 
       2.885501991016e-01       4.160463055140e+02 
       2.917568994942e-01       4.084819765168e+02 
       2.949636007299e-01       4.017623461268e+02 
       2.981703027814e-01       3.958286292562e+02 
       3.013770056224e-01       3.905702204232e+02 
       3.045837092280e-01       3.858421804727e+02 
       3.077904135741e-01       3.814820946529e+02 
       3.109971186377e-01       3.773280666468e+02 
       3.142038243966e-01       3.732310205661e+02 
       3.174105308298e-01       3.690638532675e+02 
       3.206172379168e-01       3.647274848657e+02 
       3.238239456382e-01       3.601551306009e+02 
       3.270306539752e-01       3.553153505758e+02 
       3.302373629099e-01       3.502126193456e+02 
       3.334440724247e-01       3.448854150526e+02 
       3.366507825032e-01       3.393992909767e+02 
       3.398574931293e-01       3.338364814499e+02 
       3.430642042875e-01       3.282844485545e+02 
       3.462709159630e-01       3.228239412852e+02 
       3.494776281415e-01       3.175208173756e+02 
       3.526843408093e-01       3.124217329470e+02 
       3.558910539529e-01       3.075533427154e+02 
       3.590977675597e-01       3.029235066310e+02 
       3.623044816173e-01       2.985234697879e+02 
       3.655111961137e-01       2.943297008172e+02 
       3.687179110374e-01       2.903057770584e+02 
       3.719246263775e-01       2.864047203613e+02 
       3.751313421230e-01       2.825734013778e+02 
       3.783380582638e-01       2.787578673513e+02 
       3.815447747897e-01       2.749099782028e+02 
       3.847514916911e-01       2.709929522463e+02 
       3.879582089586e-01       2.669848738335e+02 
       3.911649265833e-01       2.628791289691e+02 
       3.943716445564e-01       2.586824770696e+02 
       3.975783628693e-01       2.544113309888e+02 
       4.007850815140e-01       2.500884824229e+02 
       4.039918004824e-01       2.457401108589e+02 
       4.071985197670e-01       2.413939048750e+02 
       4.104052393602e-01       2.370777043450e+02 
       4.136119592548e-01       2.328178033601e+02 
       4.168186794440e-01       2.286366702551e+02 
       4.200253999208e-01       2.245507449441e+02 
       4.232321206788e-01       2.205685530055e+02 
       4.264388417115e-01       2.166904211004e+02 
       4.296455630129e-01       2.129096407401e+02 
       4.328522845768e-01       2.092149169148e+02 
       4.360590063976e-01       2.055932316026e+02 
       4.392657284694e-01       2.020321530237e+02 
       4.424724507870e-01       1.985210903536e+02 
       4.456791733449e-01       1.950514576792e+02 
       4.488858961380e-01       1.916162650786e+02 
       4.520926191612e-01       1.882099562698e+02 
       4.552993424097e-01       1.848286224388e+02 
       4.585060658787e-01       1.814707706657e+02 
       4.617127895637e-01       1.781381779715e+02 
       4.649195134600e-01       1.748359588601e+02 
       4.681262375635e-01       1.715720018011e+02 
       4.713329618698e-01       1.683556347513e+02 
       4.745396863748e-01       1.651960667963e+02 
       4.777464110745e-01       1.621010260748e+02 
       4.809531359650e-01       1.590763617425e+02 
       4.841598610424e-01       1.561262674169e+02 
       4.873665863032e-01       1.532537376371e+02 
       4.905733117436e-01       1.504610453585e+02 
       4.937800373602e-01       1.477497240092e+02 
       4.969867631495e-01       1.451201453903e+02 
       5.001934891083e-01       1.425707607940e+02 
       5.034002152332e-01       1.400982547594e+02 
       5.066069415211e-01       1.376976873930e+02 
       5.098136679689e-01       1.353632764221e+02 
       5.130203945736e-01       1.330896957395e+02 
       5.162271213323e-01       1.308728558196e+02 
       5.194338482420e-01       1.287102410175e+02 
       5.226405753002e-01       1.266007202076e+02 
       5.258473025039e-01       1.245438568505e+02 
       5.290540298505e-01       1.225396053153e+02 
       5.322607573375e-01       1.205879959305e+02 
       5.354674849623e-01       1.186892338964e+02 
       5.386742127225e-01       1.168439873849e+02 
       5.418809406156e-01       1.150536031247e+02 
       5.450876686393e-01       1.133199092344e+02 
       5.482943967913e-01       1.116445535024e+02 
       5.515011250694e-01       1.100285500573e+02 
       5.547078534713e-01       1.084717427838e+02 
       5.579145819949e-01       1.069726241776e+02 
       5.611213106382e-01       1.055286556429e+02 
       5.643280393990e-01       1.041370391392e+02 
       5.675347682754e-01       1.027949288852e+02 
       5.707414972654e-01       1.014999748213e+02 
       5.739482263671e-01       1.002500958172e+02 
       5.771549555787e-01       9.904331318000e+01 
       5.803616848983e-01       9.787734837114e+01 
       5.835684143241e-01       9.674973215028e+01 
       5.867751438544e-01       9.565789843383e+01 
       5.899818734875e-01       9.459960245195e+01 
       5.931886032218e-01       9.357316704669e+01 
       5.963953330554e-01       9.257770587902e+01 
       5.996020629870e-01       9.161271933411e+01 
       6.028087930149e-01       9.067783601792e+01 
       6.060155231375e-01       8.977234437057e+01 
       6.092222533534e-01       8.889509008332e+01 
       6.124289836612e-01       8.804456531042e+01 
       6.156357140592e-01       8.721918606732e+01 
       6.188424445463e-01       8.641762476204e+01 
       6.220491751209e-01       8.563886411754e+01 
       6.252559057818e-01       8.488214169751e+01 
       6.284626365275e-01       8.414657840587e+01 
       6.316693673569e-01       8.343099944850e+01 
       6.348760982686e-01       8.273372737211e+01 
       6.380828292614e-01       8.205276212207e+01 
       6.412895603341e-01       8.138603578448e+01 
       6.444962914854e-01       8.073179731242e+01 
       6.477030227143e-01       8.008866076136e+01 
       6.509097540195e-01       7.945566960183e+01 
       6.541164854000e-01       7.883198718655e+01 
       6.573232168545e-01       7.821669215539e+01 
       6.605299483822e-01       7.760862139224e+01 
       6.637366799818e-01       7.700647690966e+01 
       6.669434116524e-01       7.640903912001e+01 
       6.701501433928e-01       7.581536059469e+01 
       6.733568752022e-01       7.522493235418e+01 
       6.765636070796e-01       7.463756946157e+01 
       6.797703390239e-01       7.405315966354e+01 
       6.829770710343e-01       7.347143500349e+01 
       6.861838031097e-01       7.289181426997e+01 
       6.893905352494e-01       7.231345447294e+01 
       6.925972674524e-01       7.173543954062e+01 
       6.958039997177e-01       7.115703293098e+01 
       6.990107320447e-01       7.057780705767e+01 
       7.022174644323e-01       6.999760998674e+01 
       7.054241968799e-01       6.941639624654e+01 
       7.086309293865e-01       6.883403309630e+01 
       7.118376619513e-01       6.825016840970e+01 
       7.150443945737e-01       6.766424524350e+01 
       7.182511272528e-01       6.707572572987e+01 
       7.214578599878e-01       6.648425325090e+01 
       7.246645927781e-01       6.588978140629e+01 
       7.278713256228e-01       6.529258317926e+01 
       7.310780585213e-01       6.469305417850e+01 
       7.342847914728e-01       6.409152571961e+01 
       7.374915244767e-01       6.348813103794e+01 
       7.406982575323e-01       6.288283847339e+01 
       7.439049906389e-01       6.227556075753e+01 
       7.471117237958e-01       6.166633799300e+01 
       7.503184570025e-01       6.105546496810e+01 
       7.535251902582e-01       6.044346009095e+01 
       7.567319235624e-01       5.983094727919e+01 
       7.599386569144e-01       5.921844686365e+01 
       8.325352268441e-01       4.606251872005e+01 
       9.388603781787e-01       3.384877822280e+01 
       1.109236766768e+00       2.434498084700e+01 
       1.477104874446e+00       1.211366648109e+01 
