# Matter power spectrum P(k) at redshift z=3
# for k=9.67645e-06 to 1.4771 h/Mpc,
# number of wavenumbers equal to 604
#    1:k (h/Mpc)              2:P (Mpc/h)^3        
       9.676454560645e-06       6.762687448744e+00 
       2.218173623275e-05       1.508735470090e+01 
       3.472729243750e-05       2.327634542984e+01 
       4.734493038587e-05       3.141264623886e+01 
       6.006694358053e-05       3.954318956506e+01 
       7.292638327492e-05       4.770316573206e+01 
       8.595733801073e-05       5.592270150665e+01 
       9.919522475825e-05       6.422956739500e+01 
       1.126770952117e-04       7.265055410648e+01 
       1.264419608229e-04       8.121229972080e+01 
       1.405311401704e-04       8.994185966328e+01 
       1.549886322359e-04       9.886714695672e+01 
       1.698615190494e-04       1.080173050111e+02 
       1.852004009300e-04       1.174230460374e+02 
       2.010598671150e-04       1.271169737085e+02 
       2.174990038539e-04       1.371339007422e+02 
       2.345819409227e-04       1.475111671381e+02 
       2.523784358456e-04       1.582889611933e+02 
       2.709644927052e-04       1.695106422718e+02 
       2.904230090430e-04       1.812230610718e+02 
       3.108444397461e-04       1.934768694731e+02 
       3.323274606641e-04       2.063268076602e+02 
       3.549796067170e-04       2.198319509060e+02 
       3.789178491725e-04       2.340558920288e+02 
       4.042690644681e-04       2.490668280940e+02 
       4.311703325610e-04       2.649375116231e+02 
       4.597689868968e-04       2.817450179192e+02 
       4.902223219699e-04       2.995702721022e+02 
       5.226968503502e-04       3.184972736773e+02 
       5.573669924221e-04       3.386119552495e+02 
       5.944130836661e-04       3.600006183735e+02 
       6.340186018695e-04       3.827479069265e+02 
       6.763665561373e-04       4.069343100248e+02 
       7.216350454977e-04       4.326332341777e+02 
       7.699920879626e-04       4.599077469736e+02 
       8.215899352840e-04       4.888071664382e+02 
       8.765592099082e-04       5.193637401384e+02 
       9.350033058230e-04       5.515897101729e+02 
       9.969935561617e-04       5.854750767630e+02 
       1.062565662056e-03       6.209863403423e+02 
       1.131717785673e-03       6.580664159224e+02 
       1.204410541795e-03       6.966357844045e+02 
       1.280568904606e-03       7.365947974604e+02 
       1.360085822784e-03       7.778269171489e+02 
       1.442827152378e-03       8.202025774262e+02 
       1.477104874446e-03       8.376004715319e+02 
       1.528637407072e-03       8.635833188528e+02 
       1.617345802212e-03       9.078258698902e+02 
       1.708772122990e-03       9.527859132115e+02 
       1.802732053648e-03       9.983213607929e+02 
       1.899041733311e-03       1.044294879774e+03 
       1.997521428641e-03       1.090574506711e+03 
       2.097998316112e-03       1.137040454045e+03 
       2.200308439700e-03       1.183580516023e+03 
       2.304297953096e-03       1.230092447097e+03 
       2.409823774050e-03       1.276484056671e+03 
       2.516753779048e-03       1.322672983138e+03 
       2.624966655699e-03       1.368586226989e+03 
       2.734351513639e-03       1.414159522052e+03 
       2.844807336224e-03       1.459336618366e+03 
       2.956242337432e-03       1.504068539011e+03 
       3.068573272491e-03       1.548312857527e+03 
       3.181724737413e-03       1.592033024706e+03 
       3.295628481889e-03       1.635197756805e+03 
       3.410222751719e-03       1.677780484499e+03 
       3.525451670654e-03       1.719758854618e+03 
       3.641264666990e-03       1.761114275007e+03 
       3.757615947004e-03       1.801831495091e+03 
       3.874464015096e-03       1.841898218731e+03 
       3.991771239042e-03       1.881304749499e+03 
       4.109503457881e-03       1.920043670201e+03 
       4.227629629421e-03       1.958109557958e+03 
       4.346121514150e-03       1.995498734119e+03 
       4.464953392306e-03       2.032209045856e+03 
       4.584101810918e-03       2.068239674604e+03 
       4.703545357824e-03       2.103590966267e+03 
       4.823264459865e-03       2.138264279188e+03 
       4.943241202672e-03       2.172261847741e+03 
       5.063459169725e-03       2.205586183571e+03 
       5.183903298546e-03       2.238241402034e+03 
       5.304559752148e-03       2.270231704941e+03 
       5.425415804033e-03       2.301561775533e+03 
       5.546459735238e-03       2.332236720813e+03 
       5.667680742065e-03       2.362262020960e+03 
       5.789068853335e-03       2.391643481640e+03 
       5.910614856081e-03       2.420387193452e+03 
       6.032310228760e-03       2.448499491460e+03 
       6.154147081162e-03       2.475986907931e+03 
       6.276118100270e-03       2.502856139625e+03 
       6.398216501437e-03       2.529114014161e+03 
       6.520435984302e-03       2.554767460007e+03 
       6.642770692943e-03       2.579823485687e+03 
       6.765215179806e-03       2.604289162974e+03 
       6.887764373039e-03       2.628171612934e+03 
       7.010413546838e-03       2.651477996538e+03 
       7.133158294543e-03       2.674215503371e+03 
       7.255994504152e-03       2.696391339964e+03 
       7.378918336056e-03       2.718012718219e+03 
       7.501926202737e-03       2.739086840051e+03 
       7.625014750256e-03       2.759620883509e+03 
       7.748180841347e-03       2.779621989036e+03 
       7.871421539960e-03       2.799097246694e+03 
       7.994734097125e-03       2.818053855383e+03 
       8.118115937995e-03       2.836499458886e+03 
       8.241564649973e-03       2.854439952875e+03 
       8.365077971809e-03       2.871882086039e+03 
       8.488653783593e-03       2.888832516111e+03 
       8.612290097547e-03       2.905297801124e+03 
       8.735985049553e-03       2.921284398099e+03 
       8.859736891351e-03       2.936798666222e+03 
       8.983543983347e-03       2.951846875111e+03 
       9.107404787978e-03       2.966435211273e+03 
       9.231317863582e-03       2.980569787576e+03 
       9.355281858742e-03       2.994256651563e+03 
       9.479295507047e-03       3.007501792026e+03 
       9.603357622252e-03       3.020311145326e+03 
       9.727467093791e-03       3.032690597541e+03 
       9.851622882623e-03       3.044645986275e+03 
       9.975824017382e-03       3.056183097783e+03 
       1.010006959080e-02       3.067307663810e+03 
       1.022435875640e-02       3.078025355679e+03 
       1.034869072539e-02       3.088341778268e+03 
       1.047306476386e-02       3.098262464389e+03 
       1.059748019006e-02       3.107792870028e+03 
       1.072193637195e-02       3.116938371634e+03 
       1.084643272493e-02       3.125704266008e+03 
       1.097096870967e-02       3.134095772191e+03 
       1.109554383014e-02       3.142118036161e+03 
       1.122015763173e-02       3.149776136351e+03 
       1.134480969956e-02       3.157075090590e+03 
       1.146949965686e-02       3.164019862600e+03 
       1.159422716349e-02       3.170615367534e+03 
       1.171899191452e-02       3.176866478254e+03 
       1.184379363898e-02       3.182778029422e+03 
       1.196863209862e-02       3.188354819540e+03 
       1.209350708680e-02       3.193601608236e+03 
       1.221841842748e-02       3.198523084892e+03 
       1.234336597421e-02       3.203123795266e+03 
       1.246834960926e-02       3.207408083959e+03 
       1.259336924276e-02       3.211380175151e+03 
       1.271842481199e-02       3.215044330887e+03 
       1.284351628058e-02       3.218404891437e+03 
       1.296864363793e-02       3.221466209755e+03 
       1.309380689853e-02       3.224232596119e+03 
       1.321900610145e-02       3.226708301302e+03 
       1.334424130981e-02       3.228897518288e+03 
       1.346951261030e-02       3.230804387947e+03 
       1.359482011272e-02       3.232433009300e+03 
       1.372016394966e-02       3.233787355494e+03 
       1.384554427607e-02       3.234871563371e+03 
       1.397096126896e-02       3.235689498470e+03 
       1.409641512711e-02       3.236245087303e+03 
       1.422190607082e-02       3.236542205214e+03 
       1.434743434169e-02       3.236584685700e+03 
       1.447300020236e-02       3.236376322452e+03 
       1.459860393641e-02       3.235920870692e+03 
       1.472424584819e-02       3.235222048311e+03 
       1.477104874446e-02       3.234900331711e+03 
       1.484992626267e-02       3.234283536840e+03 
       1.497564552538e-02       3.233108982183e+03 
       1.510140400232e-02       3.231701995192e+03 
       1.522720207990e-02       3.230066152111e+03 
       1.535304016494e-02       3.228204994785e+03 
       1.547891868465e-02       3.226122030844e+03 
       1.560483808662e-02       3.223820733635e+03 
       1.573079883889e-02       3.221304542259e+03 
       1.585680142997e-02       3.218576861581e+03 
       1.598284636893e-02       3.215641062174e+03 
       1.610893418551e-02       3.212500480638e+03 
       1.623506543019e-02       3.209158419923e+03 
       1.636124067433e-02       3.205618149832e+03 
       1.648746051033e-02       3.201882908089e+03 
       1.661372555177e-02       3.197955900799e+03 
       1.674003643361e-02       3.193840304163e+03 
       1.686639381237e-02       3.189539265548e+03 
       1.699279836635e-02       3.185055904794e+03 
       1.711925079586e-02       3.180393315745e+03 
       1.724575182345e-02       3.175554567224e+03 
       1.737230219422e-02       3.170542704434e+03 
       1.749890267603e-02       3.165360749619e+03 
       1.762555405984e-02       3.160011702500e+03 
       1.775225716003e-02       3.154498540718e+03 
       1.787901281468e-02       3.148824219404e+03 
       1.800582188598e-02       3.142991670886e+03 
       1.813268526054e-02       3.137003803948e+03 
       1.825960384977e-02       3.130863502708e+03 
       1.838657859032e-02       3.124573625871e+03 
       1.851361044446e-02       3.118137005241e+03 
       1.864070040048e-02       3.111556445080e+03 
       1.876784947321e-02       3.104834721125e+03 
       1.889505870441e-02       3.097974579939e+03 
       1.902232916331e-02       3.090978738800e+03 
       1.914966194708e-02       3.083849885642e+03 
       1.927705818136e-02       3.076590679396e+03 
       1.940451902077e-02       3.069203750850e+03 
       1.953204564952e-02       3.061691703394e+03 
       1.965963928195e-02       3.054057114166e+03 
       1.978730116313e-02       3.046302535438e+03 
       1.991503256948e-02       3.038430495541e+03 
       2.004283480942e-02       3.030443500180e+03 
       2.017070922401e-02       3.022344033410e+03 
       2.029865718764e-02       3.014134558250e+03 
       2.042668010873e-02       3.005817517275e+03 
       2.055477943047e-02       2.997395332758e+03 
       2.068295663156e-02       2.988870406728e+03 
       2.081121322695e-02       2.980245120579e+03 
       2.093955076872e-02       2.971521834680e+03 
       2.106797084683e-02       2.962702887782e+03 
       2.119647508998e-02       2.953790596268e+03 
       2.132506516653e-02       2.944787253553e+03 
       2.145374278537e-02       2.935695129692e+03 
       2.158250969685e-02       2.926516470367e+03 
       2.171136769375e-02       2.917253497061e+03 
       2.184031861230e-02       2.907908406707e+03 
       2.196936433314e-02       2.898483371508e+03 
       2.209850678245e-02       2.888980539161e+03 
       2.222774793299e-02       2.879402033014e+03 
       2.235708980522e-02       2.869749952546e+03 
       2.248653446851e-02       2.860026373582e+03 
       2.261608404229e-02       2.850233348533e+03 
       2.274574069727e-02       2.840372907023e+03 
       2.287550665676e-02       2.830447056115e+03 
       2.300538419795e-02       2.820457780189e+03 
       2.313537565329e-02       2.810407041596e+03 
       2.326548341185e-02       2.800296780227e+03 
       2.339570992079e-02       2.790128913860e+03 
       2.352605768683e-02       2.779905338012e+03 
       2.365652927783e-02       2.769627925390e+03 
       2.378712732430e-02       2.759298526309e+03 
       2.391785452111e-02       2.748918968564e+03 
       2.404871362914e-02       2.738491057126e+03 
       2.417970747706e-02       2.728016574193e+03 
       2.431083896307e-02       2.717497279159e+03 
       2.444211105686e-02       2.706934909299e+03 
       2.457352680145e-02       2.696331179406e+03 
       2.470508931522e-02       2.685687782178e+03 
       2.483680179396e-02       2.675006388750e+03 
       2.496866751299e-02       2.664288648815e+03 
       2.510068982939e-02       2.653536190964e+03 
       2.523287218423e-02       2.642750622942e+03 
       2.536521810495e-02       2.631933531724e+03 
       2.549773120778e-02       2.621086483806e+03 
       2.563041520027e-02       2.610211024591e+03 
       2.576327388389e-02       2.599308678920e+03 
       2.589631115674e-02       2.588380950371e+03 
       2.602953101631e-02       2.577429320865e+03 
       2.616293756241e-02       2.566455250276e+03 
       2.629653500017e-02       2.555460175966e+03 
       2.643032764311e-02       2.544445512200e+03 
       2.656431991639e-02       2.533412649835e+03 
       2.669851636012e-02       2.522362955829e+03 
       2.683292163286e-02       2.511297773100e+03 
       2.696754051517e-02       2.500218420615e+03 
       2.710237791337e-02       2.489126193345e+03 
       2.723743886334e-02       2.478022362423e+03 
       2.737272853463e-02       2.466908176136e+03 
       2.750825223452e-02       2.455784860043e+03 
       2.764401541241e-02       2.444653617627e+03 
       2.778002366430e-02       2.433515631421e+03 
       2.791628273743e-02       2.422372063259e+03 
       2.805279853517e-02       2.411224055219e+03 
       2.818957712204e-02       2.400072729703e+03 
       2.832662472899e-02       2.388919190006e+03 
       2.846394775879e-02       2.377764520564e+03 
       2.860155279180e-02       2.366609786280e+03 
       2.873944659183e-02       2.355456032664e+03 
       2.887763611229e-02       2.344304285597e+03 
       2.901612850265e-02       2.333155550101e+03 
       2.915493111510e-02       2.322010810181e+03 
       2.929405151152e-02       2.310871028221e+03 
       2.943349747077e-02       2.299737144178e+03 
       2.957327699622e-02       2.288610075614e+03 
       2.971339832373e-02       2.277490716782e+03 
       2.985386992987e-02       2.266379939338e+03 
       2.999470054056e-02       2.255278591944e+03 
       3.013589914004e-02       2.244187500724e+03 
       3.027747498038e-02       2.233107470105e+03 
       3.041943759122e-02       2.222039282813e+03 
       3.056179679016e-02       2.210983701352e+03 
       3.070456269345e-02       2.199941467807e+03 
       3.084774572736e-02       2.188913305318e+03 
       3.099135663993e-02       2.177899918181e+03 
       3.113540651336e-02       2.166901992172e+03 
       3.127990677700e-02       2.155920194987e+03 
       3.142486922095e-02       2.144955176090e+03 
       3.157030601030e-02       2.134007566799e+03 
       3.171622970014e-02       2.123077979675e+03 
       3.186265325128e-02       2.112167008050e+03 
       3.200959004679e-02       2.101275225856e+03 
       3.215705390931e-02       2.090403186596e+03 
       3.230505911937e-02       2.079551423275e+03 
       3.245362043458e-02       2.068720447227e+03 
       3.260275310987e-02       2.057910748530e+03 
       3.275247291876e-02       2.047122795198e+03 
       3.290279617586e-02       2.036357032917e+03 
       3.305373976048e-02       2.025613885863e+03 
       3.320532114164e-02       2.014893756007e+03 
       3.335755840441e-02       2.004197023791e+03 
       3.351047027776e-02       1.993524048601e+03 
       3.366407616395e-02       1.982875168837e+03 
       3.381839616966e-02       1.972250702654e+03 
       3.397345113890e-02       1.961650948112e+03 
       3.412926268783e-02       1.951076183623e+03 
       3.428585324172e-02       1.940526668090e+03 
       3.444324607406e-02       1.930002641239e+03 
       3.460146534806e-02       1.919504323383e+03 
       3.476053616077e-02       1.909031915670e+03 
       3.492048458987e-02       1.898585599884e+03 
       3.508133774346e-02       1.888165538057e+03 
       3.524312381299e-02       1.877771872450e+03 
       3.540587212965e-02       1.867404725747e+03 
       3.556961322447e-02       1.857064199992e+03 
       3.573437889232e-02       1.846750377019e+03 
       3.590020226031e-02       1.836463317677e+03 
       3.606711786078e-02       1.826203061847e+03 
       3.623516170935e-02       1.815969627801e+03 
       3.640437138845e-02       1.805763011525e+03 
       3.657478613670e-02       1.795583186262e+03 
       3.674644694478e-02       1.785430101858e+03 
       3.691939665826e-02       1.775303683578e+03 
       3.709368008803e-02       1.765203831676e+03 
       3.726934412895e-02       1.755130420400e+03 
       3.744643788765e-02       1.745083297535e+03 
       3.762501282006e-02       1.735062284054e+03 
       3.780512287976e-02       1.725067173402e+03 
       3.798682467814e-02       1.715097732360e+03 
       3.817017765747e-02       1.705153700297e+03 
       3.835524427812e-02       1.695234790077e+03 
       3.854209022145e-02       1.685340688429e+03 
       3.873078460979e-02       1.675471055708e+03 
       3.892140024533e-02       1.665625526169e+03 
       3.911401386997e-02       1.655803706987e+03 
       3.930870644816e-02       1.646005177782e+03 
       3.950556347537e-02       1.636229489101e+03 
       3.970467531485e-02       1.626476160261e+03 
       3.990613756598e-02       1.616744677559e+03 
       4.011005146758e-02       1.607034491647e+03 
       4.031652434043e-02       1.597345015323e+03 
       4.052567007340e-02       1.587675620464e+03 
       4.073760965847e-02       1.578025636391e+03 
       4.095247178061e-02       1.568394347043e+03 
       4.117039346928e-02       1.558780988640e+03 
       4.139152081931e-02       1.549184747589e+03 
       4.161600979012e-02       1.539604758105e+03 
       4.184402709353e-02       1.530040099204e+03 
       4.207575118211e-02       1.520489792065e+03 
       4.231137335165e-02       1.510952797175e+03 
       4.255109897387e-02       1.501428010378e+03 
       4.279514887773e-02       1.491914259168e+03 
       4.304376090123e-02       1.482410298306e+03 
       4.329719163881e-02       1.472914804401e+03 
       4.355571841424e-02       1.463426369602e+03 
       4.381964151426e-02       1.453943493126e+03 
       4.408928672412e-02       1.444464571714e+03 
       4.436500821463e-02       1.434987886577e+03 
       4.464719183921e-02       1.425511587575e+03 
       4.493625891101e-02       1.416033675230e+03 
       4.523267054443e-02       1.406551979577e+03 
       4.553693266223e-02       1.397064136690e+03 
       4.584960179097e-02       1.387567565323e+03 
       4.617129179364e-02       1.378059440432e+03 
       4.650268172127e-02       1.368536663774e+03 
       4.684452500594e-02       1.358995826661e+03 
       4.719766026925e-02       1.349433157529e+03 
       4.756302408445e-02       1.339844448388e+03 
       4.794166611243e-02       1.330224955554e+03 
       4.833476713492e-02       1.320569275208e+03 
       4.874366063999e-02       1.310871195570e+03 
       4.916985878246e-02       1.301123521852e+03 
       4.961508375536e-02       1.291317854538e+03 
       5.008130588088e-02       1.281444283947e+03 
       5.057079007423e-02       1.271490957762e+03 
       5.108615276830e-02       1.261443491079e+03 
       5.163043192587e-02       1.251284188960e+03 
       5.220717341690e-02       1.240991019155e+03 
       5.282053778882e-02       1.230536169641e+03 
       5.347543224408e-02       1.219883942451e+03 
       5.417767329260e-02       1.208987731262e+03 
       5.493418567803e-02       1.197785816031e+03 
       5.575324196370e-02       1.186195410013e+03 
       5.664474297177e-02       1.174103830759e+03 
       5.762052899945e-02       1.161355790782e+03 
       5.869468991114e-02       1.147735825761e+03 
       5.988380010222e-02       1.132943226931e+03 
       6.120693081591e-02       1.116559907451e+03 
       6.268518115652e-02       1.098014227819e+03 
       6.434034309673e-02       1.076549130818e+03 
       6.619227722948e-02       1.051224358884e+03 
       6.825485737507e-02       1.020993544339e+03 
       7.053120788617e-02       9.849074079691e+02 
       7.301022681315e-02       9.424452418149e+02 
       7.566687462611e-02       8.938699560614e+02 
       7.846702325379e-02       8.404118196213e+02 
       8.137464023942e-02       7.841458141781e+02 
       8.435778565627e-02       7.276048311891e+02 
       8.739149185564e-02       6.733082533169e+02 
       9.045789375644e-02       6.233746642537e+02 
       9.354495241850e-02       5.792963576151e+02 
       9.664486749953e-02       5.418713189873e+02 
       9.975270995936e-02       5.112488237497e+02 
       1.028654135255e-01       4.870368505056e+02 
       1.059810890222e-01       4.684305070443e+02 
       1.090985792800e-01       4.543384728822e+02 
       1.122171779445e-01       4.435003257958e+02 
       1.153364546742e-01       4.345980635796e+02 
       1.184561475226e-01       4.263658209543e+02 
       1.215760970675e-01       4.176966072595e+02 
       1.246962062333e-01       4.077372369535e+02 
       1.278164158373e-01       3.959568982418e+02 
       1.309366897230e-01       3.821760092335e+02 
       1.340570057298e-01       3.665486878173e+02 
       1.371773502082e-01       3.495026456523e+02 
       1.402977146900e-01       3.316494332514e+02 
       1.434180938657e-01       3.136831026834e+02 
       1.465384843563e-01       2.962844196187e+02 
       1.477104874446e-01       2.900211673808e+02 
       1.496588839663e-01       2.800438580669e+02 
       1.527792912298e-01       2.654096971368e+02 
       1.558997051340e-01       2.526622323072e+02 
       1.590201249499e-01       2.419103623910e+02 
       1.621405501298e-01       2.331050361575e+02 
       1.652609802430e-01       2.260636445230e+02 
       1.683814149377e-01       2.205006746049e+02 
       1.715018539156e-01       2.160613520256e+02 
       1.746222969172e-01       2.123564803913e+02 
       1.777427437118e-01       2.089970039954e+02 
       1.808631940911e-01       2.056569917023e+02 
       1.839836478650e-01       2.020740493727e+02 
       1.871041048583e-01       1.979617700238e+02 
       1.902245649090e-01       1.931959447854e+02 
       1.933450278665e-01       1.877578301673e+02 
       1.964654935903e-01       1.817274607099e+02 
       1.995859619493e-01       1.752641539253e+02 
       2.027064328203e-01       1.685773728369e+02 
       2.058269060882e-01       1.618937080821e+02 
       2.089473816446e-01       1.554265860502e+02 
       2.120678593877e-01       1.493536442644e+02 
       2.151883392216e-01       1.438039928775e+02 
       2.183088210560e-01       1.388544449108e+02 
       2.214293048058e-01       1.345320335674e+02 
       2.245497903906e-01       1.308198084848e+02 
       2.276702777343e-01       1.276637416408e+02 
       2.307907667651e-01       1.249800039036e+02 
       2.339112574151e-01       1.226628940453e+02 
       2.370317496198e-01       1.205940299345e+02 
       2.401522433184e-01       1.186529186698e+02 
       2.432727384529e-01       1.167281358691e+02 
       2.463932349685e-01       1.147274960800e+02 
       2.495137328130e-01       1.125854982653e+02 
       2.526342319368e-01       1.102667989282e+02 
       2.557547322929e-01       1.077656125865e+02 
       2.588752338364e-01       1.051018636998e+02 
       2.619957365247e-01       1.023154833344e+02 
       2.651162403170e-01       9.946007997223e+01 
       2.682367451747e-01       9.659669816816e+01 
       2.713572510607e-01       9.378783198777e+01 
       2.744777579399e-01       9.109171147674e+01 
       2.775982657785e-01       8.855700114039e+01 
       2.807187745443e-01       8.621841653222e+01 
       2.838392842066e-01       8.409394353251e+01 
       2.869597947360e-01       8.218420256730e+01 
       2.900803061043e-01       8.047408663485e+01 
       2.932008182847e-01       7.893622696789e+01 
       2.963213312514e-01       7.753544907961e+01 
       2.994418449796e-01       7.623327035724e+01 
       3.025623594456e-01       7.499171634905e+01 
       3.056828746268e-01       7.377616831954e+01 
       3.088033905013e-01       7.255735570724e+01 
       3.119239070483e-01       7.131279154053e+01 
       3.150444242476e-01       7.002787823233e+01 
       3.181649420800e-01       6.869663377071e+01 
       3.212854605270e-01       6.732176949343e+01 
       3.244059795706e-01       6.591382491141e+01 
       3.275264991939e-01       6.448927262634e+01 
       3.306470193802e-01       6.306787047275e+01 
       3.337675401138e-01       6.166980878087e+01 
       3.368880613793e-01       6.031326213786e+01 
       3.400085831620e-01       5.901276698040e+01 
       3.431291054478e-01       5.777850374111e+01 
       3.462496282231e-01       5.661625697540e+01 
       3.493701514745e-01       5.552769760809e+01 
       3.524906751895e-01       5.451070415265e+01 
       3.556111993557e-01       5.355964693868e+01 
       3.587317239614e-01       5.266577056388e+01 
       3.618522489951e-01       5.181786834839e+01 
       3.649727744458e-01       5.100337343205e+01 
       3.680933003029e-01       5.020976595226e+01 
       3.712138265560e-01       4.942602466614e+01 
       3.743343531952e-01       4.864376240739e+01 
       3.774548802110e-01       4.785778802713e+01 
       3.805754075939e-01       4.706604060374e+01 
       3.836959353350e-01       4.626907101706e+01 
       3.868164634256e-01       4.546934310097e+01 
       3.899369918573e-01       4.467061425050e+01 
       3.930575206219e-01       4.387748920219e+01 
       3.961780497116e-01       4.309509499016e+01 
       3.992985791186e-01       4.232873621988e+01 
       4.024191088355e-01       4.158342554077e+01 
       4.055396388553e-01       4.086330515664e+01 
       4.086601691709e-01       4.017110056489e+01 
       4.117806997755e-01       3.950779143633e+01 
       4.149012306626e-01       3.887263007211e+01 
       4.180217618259e-01       3.826349834286e+01 
       4.211422932592e-01       3.767746265697e+01 
       4.242628249566e-01       3.711132169733e+01 
       4.273833569121e-01       3.656197447873e+01 
       4.305038891203e-01       3.602655712747e+01 
       4.336244215756e-01       3.550242011802e+01 
       4.367449542726e-01       3.498708627072e+01 
       4.398654872063e-01       3.447831353815e+01 
       4.429860203716e-01       3.397428900941e+01 
       4.461065537637e-01       3.347387881287e+01 
       4.492270873777e-01       3.297680244717e+01 
       4.523476212091e-01       3.248362240592e+01 
       4.554681552535e-01       3.199552917126e+01 
       4.585886895063e-01       3.151400239719e+01 
       4.617092239635e-01       3.104048207088e+01 
       4.648297586209e-01       3.057616844444e+01 
       4.679502934744e-01       3.012198641215e+01 
       4.710708285201e-01       2.967866272114e+01 
       4.741913637543e-01       2.924681061885e+01 
       4.773118991732e-01       2.882692969064e+01 
       4.804324347732e-01       2.841929819837e+01 
       4.835529705508e-01       2.802380967081e+01 
       4.866735065026e-01       2.763985647688e+01 
       4.897940426252e-01       2.726634322481e+01 
       4.929145789154e-01       2.690185218806e+01 
       4.960351153700e-01       2.654490212295e+01 
       4.991556519859e-01       2.619420080186e+01 
       5.022761887601e-01       2.584879381241e+01 
       5.053967256896e-01       2.550807674207e+01 
       5.085172627717e-01       2.517170155272e+01 
       5.116378000034e-01       2.483945985089e+01 
       5.147583373821e-01       2.451121888240e+01 
       5.178788749051e-01       2.418694179289e+01 
       5.209994125697e-01       2.386676062820e+01 
       5.241199503735e-01       2.355103524476e+01 
       5.272404883140e-01       2.324033289014e+01 
       5.303610263888e-01       2.293531249857e+01 
       5.334815645954e-01       2.263655143946e+01 
       5.366021029317e-01       2.234438920895e+01 
       5.397226413952e-01       2.205885737260e+01 
       5.428431799839e-01       2.177972036627e+01 
       5.459637186956e-01       2.150659746630e+01 
       5.490842575281e-01       2.123909892717e+01 
       5.522047964794e-01       2.097690868609e+01 
       5.553253355476e-01       2.071978456004e+01 
       5.584458747306e-01       2.046749529534e+01 
       5.615664140265e-01       2.021974887707e+01 
       5.646869534335e-01       1.997616737402e+01 
       5.678074929497e-01       1.973633195213e+01 
       5.709280325734e-01       1.949987703460e+01 
       5.740485723026e-01       1.926658262403e+01 
       5.771691121359e-01       1.903641203403e+01 
       5.802896520713e-01       1.880947458708e+01 
       5.834101921074e-01       1.858593240466e+01 
       5.865307322426e-01       1.836590156178e+01 
       5.896512724751e-01       1.814939831015e+01 
       5.927718128035e-01       1.793635276437e+01 
       5.958923532263e-01       1.772667462369e+01 
       5.990128937420e-01       1.752032676877e+01 
       6.021334343492e-01       1.731735970139e+01 
       6.052539750464e-01       1.711788563089e+01 
       6.083745158322e-01       1.692200633036e+01 
       6.114950567053e-01       1.672973594736e+01 
       6.146155976643e-01       1.654096260703e+01 
       6.177361387080e-01       1.635546954130e+01 
       6.208566798351e-01       1.617300396979e+01 
       6.239772210443e-01       1.599335530775e+01 
       6.270977623343e-01       1.581640180871e+01 
       6.302183037041e-01       1.564210400906e+01 
       6.333388451523e-01       1.547045440141e+01 
       6.364593866779e-01       1.530141694802e+01 
       6.395799282797e-01       1.513489418551e+01 
       6.427004699565e-01       1.497074056097e+01 
       6.458210117074e-01       1.480881379900e+01 
       6.489415535312e-01       1.464903300022e+01 
       6.520620954269e-01       1.449140851550e+01 
       6.551826373934e-01       1.433602495116e+01 
       6.583031794298e-01       1.418298671729e+01 
       6.614237215350e-01       1.403235520653e+01 
       6.645442637081e-01       1.388411141597e+01 
       6.676648059482e-01       1.373816282303e+01 
       6.707853482542e-01       1.359438789011e+01 
       6.739058906253e-01       1.345269093603e+01 
       6.770264330605e-01       1.331303569753e+01 
       6.801469755590e-01       1.317544022836e+01 
       6.832675181200e-01       1.303993762042e+01 
       6.863880607425e-01       1.290652689995e+01 
       6.895086034257e-01       1.277514429466e+01 
       6.926291461689e-01       1.264567051937e+01 
       6.957496889711e-01       1.251797030006e+01 
       6.988702318316e-01       1.239194140709e+01 
       7.019907747497e-01       1.226754506330e+01 
       7.051113177245e-01       1.214480161907e+01 
       7.082318607553e-01       1.202375570204e+01 
       7.113524038413e-01       1.190443092900e+01 
       7.144729469819e-01       1.178680077370e+01 
       7.175934901764e-01       1.167079150934e+01 
       7.207140334239e-01       1.155631342742e+01 
       7.843653991769e-01       9.526917079453e+00 
       8.746659002783e-01       7.412690597050e+00 
       1.015853216858e+00       5.230997146630e+00 
       1.477104874446e+00       2.146931867915e+00 
