# Matter power spectrum P(k) at redshift z=0
# for k=9.67645e-06 to 1.4771 h/Mpc,
# number of wavenumbers equal to 604
#    1:k (h/Mpc)              2:P (Mpc/h)^3        
       9.676454560645e-06       5.733518523259e+01 
       2.218173623275e-05       1.279110970140e+02 
       3.472729243750e-05       1.973321213477e+02 
       4.734493038587e-05       2.662992618391e+02 
       6.006694358053e-05       3.352077544248e+02 
       7.292638327492e-05       4.043531285064e+02 
       8.595733801073e-05       4.739877693678e+02 
       9.919522475825e-05       5.443438100343e+02 
       1.126770952117e-04       6.156447376361e+02 
       1.264419608229e-04       6.880146334988e+02 
       1.405311401704e-04       7.618641595103e+02 
       1.549886322359e-04       8.382507043537e+02 
       1.698615190494e-04       9.156680863430e+02 
       1.852004009300e-04       9.946216544264e+02 
       2.010598671150e-04       1.076497943797e+03 
       2.174990038539e-04       1.162431202310e+03 
       2.345819409227e-04       1.249993223891e+03 
       2.523784358457e-04       1.340846381436e+03 
       2.709644927052e-04       1.435438488473e+03 
       2.904230090430e-04       1.533954297161e+03 
       3.108444397461e-04       1.638540085921e+03 
       3.323274606641e-04       1.746379965455e+03 
       3.549796067170e-04       1.862204026763e+03 
       3.789178491725e-04       1.981352548961e+03 
       4.042690644682e-04       2.109829409801e+03 
       4.311703325610e-04       2.243586427749e+03 
       4.597689868968e-04       2.385923332028e+03 
       4.902223219700e-04       2.535521967511e+03 
       5.226968503503e-04       2.694926065439e+03 
       5.573669924221e-04       2.865726464431e+03 
       5.944130836661e-04       3.047299339466e+03 
       6.340186018695e-04       3.239450046683e+03 
       6.763665561374e-04       3.443597087252e+03 
       7.216350454977e-04       3.660436256489e+03 
       7.699920879627e-04       3.889952559502e+03 
       8.215899352841e-04       4.134183361997e+03 
       8.765592099083e-04       4.392027585524e+03 
       9.350033058230e-04       4.663809903118e+03 
       9.969935561617e-04       4.949798726663e+03 
       1.062565662056e-03       5.249362962972e+03 
       1.131717785673e-03       5.562019288006e+03 
       1.204410541795e-03       5.887636188724e+03 
       1.280568904606e-03       6.224846946250e+03 
       1.360085822784e-03       6.572825012420e+03 
       1.442827152378e-03       6.930495018149e+03 
       1.477104874446e-03       7.077214958687e+03 
       1.528637407072e-03       7.296735916246e+03 
       1.617345802212e-03       7.670203669771e+03 
       1.708772122990e-03       8.049839838866e+03 
       1.802732053648e-03       8.434583686905e+03 
       1.899041733311e-03       8.822870886674e+03 
       1.997521428641e-03       9.213803922156e+03 
       2.097998316112e-03       9.606286557825e+03 
       2.200308439701e-03       9.999341923974e+03 
       2.304297953096e-03       1.039247233208e+04 
       2.409823774050e-03       1.078440287655e+04 
       2.516753779048e-03       1.117483478596e+04 
       2.624966655699e-03       1.156289734806e+04 
       2.734351513640e-03       1.194807838687e+04 
       2.844807336224e-03       1.232991746663e+04 
       2.956242337432e-03       1.270810016282e+04 
       3.068573272491e-03       1.308209870671e+04 
       3.181724737413e-03       1.345174593817e+04 
       3.295628481889e-03       1.381674056554e+04 
       3.410222751719e-03       1.417679189265e+04 
       3.525451670654e-03       1.453176150610e+04 
       3.641264666990e-03       1.488151096388e+04 
       3.757615947004e-03       1.522585883371e+04 
       3.874464015096e-03       1.556472874453e+04 
       3.991771239042e-03       1.589805874916e+04 
       4.109503457882e-03       1.622573088080e+04 
       4.227629629421e-03       1.654772971038e+04 
       4.346121514150e-03       1.686403881004e+04 
       4.464953392306e-03       1.717464490211e+04 
       4.584101810918e-03       1.747951442520e+04 
       4.703545357824e-03       1.777862828912e+04 
       4.823264459865e-03       1.807198715342e+04 
       4.943241202672e-03       1.835970031669e+04 
       5.063459169726e-03       1.863078398889e+04 
       5.183903298546e-03       1.891234021788e+04 
       5.304559752148e-03       1.917783624182e+04 
       5.425415804033e-03       1.945170557927e+04 
       5.546459735238e-03       1.971081579273e+04 
       5.667680742065e-03       1.996842960600e+04 
       5.789068853336e-03       2.021653454092e+04 
       5.910614856081e-03       2.046075545296e+04 
       6.032310228760e-03       2.069575573887e+04 
       6.154147081162e-03       2.093007969296e+04 
       6.276118100270e-03       2.115634042357e+04 
       6.398216501437e-03       2.137229368348e+04 
       6.520435984302e-03       2.159700111422e+04 
       6.642770692943e-03       2.180270555093e+04 
       6.765215179807e-03       2.201281615566e+04 
       6.887764373039e-03       2.220947074015e+04 
       7.010413546839e-03       2.241496780780e+04 
       7.133158294543e-03       2.260492438628e+04 
       7.255994504152e-03       2.279582053627e+04 
       7.378918336056e-03       2.297695209198e+04 
       7.501926202737e-03       2.314788083232e+04 
       7.625014750256e-03       2.332308163837e+04 
       7.748180841347e-03       2.350200370501e+04 
       7.871421539960e-03       2.366336899405e+04 
       7.994734097125e-03       2.382421219771e+04 
       8.118115937995e-03       2.397947706161e+04 
       8.241564649973e-03       2.413716391792e+04 
       8.365077971809e-03       2.427705436574e+04 
       8.488653783593e-03       2.442833919954e+04 
       8.612290097547e-03       2.456527151924e+04 
       8.735985049553e-03       2.469714559875e+04 
       8.859736891351e-03       2.482843918721e+04 
       8.983543983347e-03       2.496285521583e+04 
       9.107404787978e-03       2.508442747936e+04 
       9.231317863582e-03       2.520000448737e+04 
       9.355281858742e-03       2.531749164464e+04 
       9.479295507047e-03       2.543425078509e+04 
       9.603357622252e-03       2.554169185920e+04 
       9.727467093791e-03       2.564858734404e+04 
       9.851622882623e-03       2.574992764068e+04 
       9.975824017382e-03       2.584563462190e+04 
       1.010006959080e-02       2.594032116834e+04 
       1.022435875640e-02       2.603268739545e+04 
       1.034869072539e-02       2.611838282043e+04 
       1.047306476386e-02       2.620375741617e+04 
       1.059748019006e-02       2.628375627551e+04 
       1.072193637195e-02       2.636082908746e+04 
       1.084643272493e-02       2.643148013327e+04 
       1.097096870967e-02       2.650956174806e+04 
       1.109554383014e-02       2.657470221760e+04 
       1.122015763173e-02       2.663972287867e+04 
       1.134480969956e-02       2.670415032332e+04 
       1.146949965686e-02       2.676385799502e+04 
       1.159422716349e-02       2.681841823273e+04 
       1.171899191452e-02       2.686994231299e+04 
       1.184379363898e-02       2.691858888813e+04 
       1.196863209862e-02       2.696469024146e+04 
       1.209350708680e-02       2.701539567451e+04 
       1.221841842748e-02       2.705204742155e+04 
       1.234336597421e-02       2.708882661000e+04 
       1.246834960926e-02       2.713159928202e+04 
       1.259336924276e-02       2.716458853679e+04 
       1.271842481199e-02       2.719341024205e+04 
       1.284351628059e-02       2.722692470852e+04 
       1.296864363793e-02       2.725154802339e+04 
       1.309380689853e-02       2.727518382767e+04 
       1.321900610145e-02       2.729702487346e+04 
       1.334424130981e-02       2.731234592728e+04 
       1.346951261030e-02       2.733135624386e+04 
       1.359482011272e-02       2.733975764322e+04 
       1.372016394967e-02       2.735809798113e+04 
       1.384554427607e-02       2.736707221534e+04 
       1.397096126896e-02       2.737504056807e+04 
       1.409641512711e-02       2.737851324652e+04 
       1.422190607082e-02       2.738161659193e+04 
       1.434743434169e-02       2.738052155170e+04 
       1.447300020236e-02       2.737624287708e+04 
       1.459860393641e-02       2.737594838741e+04 
       1.472424584819e-02       2.737201276343e+04 
       1.477104874446e-02       2.736652818330e+04 
       1.484992626267e-02       2.736352872810e+04 
       1.497564552538e-02       2.735365202637e+04 
       1.510140400232e-02       2.733870206373e+04 
       1.522720207990e-02       2.732781264064e+04 
       1.535304016495e-02       2.731265714960e+04 
       1.547891868465e-02       2.729317216883e+04 
       1.560483808662e-02       2.727629693742e+04 
       1.573079883889e-02       2.725410826585e+04 
       1.585680142997e-02       2.723267298576e+04 
       1.598284636893e-02       2.720642266850e+04 
       1.610893418552e-02       2.718092605845e+04 
       1.623506543019e-02       2.715050318470e+04 
       1.636124067433e-02       2.712220533855e+04 
       1.648746051033e-02       2.709173417737e+04 
       1.661372555177e-02       2.705527352484e+04 
       1.674003643361e-02       2.702281813418e+04 
       1.686639381237e-02       2.698642220820e+04 
       1.699279836635e-02       2.694953448504e+04 
       1.711925079586e-02       2.691041108389e+04 
       1.724575182345e-02       2.686621407747e+04 
       1.737230219422e-02       2.682679711226e+04 
       1.749890267603e-02       2.678348814681e+04 
       1.762555405984e-02       2.673601989147e+04 
       1.775225716003e-02       2.669110397431e+04 
       1.787901281468e-02       2.664352637164e+04 
       1.800582188598e-02       2.659401303328e+04 
       1.813268526054e-02       2.654361576431e+04 
       1.825960384977e-02       2.649266543051e+04 
       1.838657859033e-02       2.643940623120e+04 
       1.851361044446e-02       2.638485497474e+04 
       1.864070040048e-02       2.632965089513e+04 
       1.876784947321e-02       2.627261370829e+04 
       1.889505870441e-02       2.621222734238e+04 
       1.902232916331e-02       2.615508084130e+04 
       1.914966194708e-02       2.609463365598e+04 
       1.927705818136e-02       2.603244054319e+04 
       1.940451902077e-02       2.597028415574e+04 
       1.953204564952e-02       2.590567694470e+04 
       1.965963928195e-02       2.584031765595e+04 
       1.978730116313e-02       2.577770418841e+04 
       1.991503256949e-02       2.570839103238e+04 
       2.004283480943e-02       2.564343509182e+04 
       2.017070922401e-02       2.557240936772e+04 
       2.029865718764e-02       2.550511539569e+04 
       2.042668010873e-02       2.543314013350e+04 
       2.055477943047e-02       2.536246705100e+04 
       2.068295663156e-02       2.529039483072e+04 
       2.081121322695e-02       2.521965366596e+04 
       2.093955076872e-02       2.514345161255e+04 
       2.106797084683e-02       2.506975682807e+04 
       2.119647508998e-02       2.499551906400e+04 
       2.132506516653e-02       2.491748902689e+04 
       2.145374278537e-02       2.484251400953e+04 
       2.158250969685e-02       2.476486437281e+04 
       2.171136769375e-02       2.468443868856e+04 
       2.184031861230e-02       2.460591836716e+04 
       2.196936433314e-02       2.452658730094e+04 
       2.209850678245e-02       2.444671970023e+04 
       2.222774793299e-02       2.436615089541e+04 
       2.235708980522e-02       2.428494328352e+04 
       2.248653446852e-02       2.420041915844e+04 
       2.261608404229e-02       2.411950641591e+04 
       2.274574069727e-02       2.403642557655e+04 
       2.287550665676e-02       2.395018767926e+04 
       2.300538419795e-02       2.386791914196e+04 
       2.313537565329e-02       2.378222662066e+04 
       2.326548341185e-02       2.369660822702e+04 
       2.339570992079e-02       2.361051712541e+04 
       2.352605768684e-02       2.352435189709e+04 
       2.365652927783e-02       2.343789004922e+04 
       2.378712732430e-02       2.335015194486e+04 
       2.391785452111e-02       2.326266983133e+04 
       2.404871362914e-02       2.317364265674e+04 
       2.417970747706e-02       2.308558030646e+04 
       2.431083896308e-02       2.299529072455e+04 
       2.444211105687e-02       2.290713760516e+04 
       2.457352680145e-02       2.281708212576e+04 
       2.470508931522e-02       2.272733048415e+04 
       2.483680179396e-02       2.263534197675e+04 
       2.496866751299e-02       2.254600288816e+04 
       2.510068982939e-02       2.245373412290e+04 
       2.523287218423e-02       2.236407350788e+04 
       2.536521810495e-02       2.227271557692e+04 
       2.549773120778e-02       2.217995288584e+04 
       2.563041520027e-02       2.208801058754e+04 
       2.576327388389e-02       2.199647521083e+04 
       2.589631115674e-02       2.190333466990e+04 
       2.602953101631e-02       2.181122061380e+04 
       2.616293756241e-02       2.171700470624e+04 
       2.629653500017e-02       2.162568486594e+04 
       2.643032764311e-02       2.153135178866e+04 
       2.656431991639e-02       2.143870290537e+04 
       2.669851636012e-02       2.134511426917e+04 
       2.683292163286e-02       2.125153784869e+04 
       2.696754051517e-02       2.115813788022e+04 
       2.710237791337e-02       2.106421135558e+04 
       2.723743886335e-02       2.096994738451e+04 
       2.737272853463e-02       2.087592561962e+04 
       2.750825223452e-02       2.078081587001e+04 
       2.764401541241e-02       2.068788544129e+04 
       2.778002366430e-02       2.059346828184e+04 
       2.791628273743e-02       2.049826066783e+04 
       2.805279853517e-02       2.040468039617e+04 
       2.818957712204e-02       2.031038952694e+04 
       2.832662472899e-02       2.021495229403e+04 
       2.846394775879e-02       2.012058396623e+04 
       2.860155279180e-02       2.002653104827e+04 
       2.873944659183e-02       1.993290762755e+04 
       2.887763611229e-02       1.983803400431e+04 
       2.901612850265e-02       1.974411149037e+04 
       2.915493111510e-02       1.964976684793e+04 
       2.929405151152e-02       1.955522568525e+04 
       2.943349747077e-02       1.946124276321e+04 
       2.957327699622e-02       1.936678923138e+04 
       2.971339832373e-02       1.927215308643e+04 
       2.985386992987e-02       1.917901678448e+04 
       2.999470054056e-02       1.908438543724e+04 
       3.013589914005e-02       1.899104975683e+04 
       3.027747498038e-02       1.889735919181e+04 
       3.041943759123e-02       1.880360802962e+04 
       3.056179679016e-02       1.870934977929e+04 
       3.070456269345e-02       1.861640474040e+04 
       3.084774572736e-02       1.852319455218e+04 
       3.099135663993e-02       1.842919279351e+04 
       3.113540651336e-02       1.833701724760e+04 
       3.127990677701e-02       1.824331250109e+04 
       3.142486922095e-02       1.815029169129e+04 
       3.157030601030e-02       1.805860354639e+04 
       3.171622970014e-02       1.796613569602e+04 
       3.186265325129e-02       1.787376547720e+04 
       3.200959004679e-02       1.778137539272e+04 
       3.215705390931e-02       1.768948278955e+04 
       3.230505911937e-02       1.759768784279e+04 
       3.245362043458e-02       1.750565251883e+04 
       3.260275310987e-02       1.741399249998e+04 
       3.275247291876e-02       1.732235838427e+04 
       3.290279617586e-02       1.723219840861e+04 
       3.305373976048e-02       1.714041893729e+04 
       3.320532114164e-02       1.705008660599e+04 
       3.335755840441e-02       1.696000434263e+04 
       3.351047027776e-02       1.686946867727e+04 
       3.366407616395e-02       1.677937522105e+04 
       3.381839616967e-02       1.668954216079e+04 
       3.397345113890e-02       1.659982634951e+04 
       3.412926268783e-02       1.650981029581e+04 
       3.428585324172e-02       1.642058012552e+04 
       3.444324607406e-02       1.633192445859e+04 
       3.460146534806e-02       1.624287563675e+04 
       3.476053616077e-02       1.615410665559e+04 
       3.492048458987e-02       1.606596855219e+04 
       3.508133774346e-02       1.597759235448e+04 
       3.524312381299e-02       1.588952727603e+04 
       3.540587212965e-02       1.580197885295e+04 
       3.556961322447e-02       1.571402035379e+04 
       3.573437889232e-02       1.562700063021e+04 
       3.590020226031e-02       1.554025302759e+04 
       3.606711786078e-02       1.545344443245e+04 
       3.623516170935e-02       1.536670616049e+04 
       3.640437138845e-02       1.528051247127e+04 
       3.657478613670e-02       1.519432614401e+04 
       3.674644694478e-02       1.510842620716e+04 
       3.691939665827e-02       1.502271894198e+04 
       3.709368008803e-02       1.493714400705e+04 
       3.726934412895e-02       1.485167404333e+04 
       3.744643788765e-02       1.476668702102e+04 
       3.762501282006e-02       1.468179542751e+04 
       3.780512287976e-02       1.459748769393e+04 
       3.798682467814e-02       1.451312931451e+04 
       3.817017765747e-02       1.442854630735e+04 
       3.835524427812e-02       1.434487335651e+04 
       3.854209022145e-02       1.426125923313e+04 
       3.873078460979e-02       1.417734757065e+04 
       3.892140024533e-02       1.409447580758e+04 
       3.911401386997e-02       1.401140204341e+04 
       3.930870644817e-02       1.392812819724e+04 
       3.950556347537e-02       1.384543535123e+04 
       3.970467531485e-02       1.376295008292e+04 
       3.990613756598e-02       1.368086696349e+04 
       4.011005146758e-02       1.359866694802e+04 
       4.031652434043e-02       1.351660040901e+04 
       4.052567007340e-02       1.343472122877e+04 
       4.073760965847e-02       1.335307836781e+04 
       4.095247178061e-02       1.327172213352e+04 
       4.117039346928e-02       1.319003612703e+04 
       4.139152081931e-02       1.310890557981e+04 
       4.161600979012e-02       1.302811783836e+04 
       4.184402709353e-02       1.294705409410e+04 
       4.207575118211e-02       1.286625689904e+04 
       4.231137335166e-02       1.278553723458e+04 
       4.255109897387e-02       1.270509453998e+04 
       4.279514887773e-02       1.262465669214e+04 
       4.304376090124e-02       1.254404895458e+04 
       4.329719163881e-02       1.246386691066e+04 
       4.355571841425e-02       1.238359652052e+04 
       4.381964151426e-02       1.230336039908e+04 
       4.408928672412e-02       1.222305441377e+04 
       4.436500821463e-02       1.214304306856e+04 
       4.464719183921e-02       1.206282638224e+04 
       4.493625891101e-02       1.198254698103e+04 
       4.523267054443e-02       1.190236905416e+04 
       4.553693266223e-02       1.182208056127e+04 
       4.584960179097e-02       1.174173076897e+04 
       4.617129179365e-02       1.166150190489e+04 
       4.650268172127e-02       1.158093315076e+04 
       4.684452500594e-02       1.149996844373e+04 
       4.719766026925e-02       1.141938553829e+04 
       4.756302408445e-02       1.133829106069e+04 
       4.794166611243e-02       1.125683740941e+04 
       4.833476713492e-02       1.117524339791e+04 
       4.874366063999e-02       1.109305214597e+04 
       4.916985878246e-02       1.101068864170e+04 
       4.961508375536e-02       1.092780749345e+04 
       5.008130588088e-02       1.084436445095e+04 
       5.057079007423e-02       1.076010759863e+04 
       5.108615276831e-02       1.067518359148e+04 
       5.163043192588e-02       1.058928515770e+04 
       5.220717341690e-02       1.050236713576e+04 
       5.282053778883e-02       1.041377855494e+04 
       5.347543224408e-02       1.032388015174e+04 
       5.417767329260e-02       1.023164227914e+04 
       5.493418567803e-02       1.013708402052e+04 
       5.575324196370e-02       1.003907516994e+04 
       5.664474297177e-02       9.936775876954e+03 
       5.762052899945e-02       9.829006697371e+03 
       5.869468991115e-02       9.713901836417e+03 
       5.988380010223e-02       9.588752117667e+03 
       6.120693081591e-02       9.450261860863e+03 
       6.268518115652e-02       9.293300370752e+03 
       6.434034309674e-02       9.111718852950e+03 
       6.619227722948e-02       8.897348366572e+03 
       6.825485737507e-02       8.641385290872e+03 
       7.053120788617e-02       8.335788503354e+03 
       7.301022681315e-02       7.976102491492e+03 
       7.566687462612e-02       7.564617436748e+03 
       7.846702325379e-02       7.111742461083e+03 
       8.137464023942e-02       6.635142404768e+03 
       8.435778565628e-02       6.156166295028e+03 
       8.739149185564e-02       5.696215987117e+03 
       9.045789375644e-02       5.273324841233e+03 
       9.354495241850e-02       4.900032751428e+03 
       9.664486749954e-02       4.583118878716e+03 
       9.975270995936e-02       4.323824653464e+03 
       1.028654135255e-01       4.118875269938e+03 
       1.059810890222e-01       3.961384324723e+03 
       1.090985792800e-01       3.842100107318e+03 
       1.122171779445e-01       3.750379793507e+03 
       1.153364546742e-01       3.675013207425e+03 
       1.184561475226e-01       3.605308804695e+03 
       1.215760970675e-01       3.531892941780e+03 
       1.246962062333e-01       3.447523886956e+03 
       1.278164158373e-01       3.347717896139e+03 
       1.309366897230e-01       3.230972663395e+03 
       1.340570057298e-01       3.098588624862e+03 
       1.371773502082e-01       2.954207070417e+03 
       1.402977146900e-01       2.802999412225e+03 
       1.434180938657e-01       2.650849808353e+03 
       1.465384843563e-01       2.503522066846e+03 
       1.477104874446e-01       2.450493411901e+03 
       1.496588839663e-01       2.366017739932e+03 
       1.527792912298e-01       2.242118590504e+03 
       1.558997051340e-01       2.134203908516e+03 
       1.590201249499e-01       2.043179809257e+03 
       1.621405501298e-01       1.968631126134e+03 
       1.652609802431e-01       1.909009554158e+03 
       1.683814149377e-01       1.861893421942e+03 
       1.715018539156e-01       1.824280353817e+03 
       1.746222969172e-01       1.792875317833e+03 
       1.777427437118e-01       1.764388103218e+03 
       1.808631940912e-01       1.736061883605e+03 
       1.839836478650e-01       1.705678332406e+03 
       1.871041048583e-01       1.670818651764e+03 
       1.902245649090e-01       1.630435328855e+03 
       1.933450278665e-01       1.584373199481e+03 
       1.964654935903e-01       1.533310494416e+03 
       1.995859619493e-01       1.478595343921e+03 
       2.027064328203e-01       1.422001523848e+03 
       2.058269060882e-01       1.365441936144e+03 
       2.089473816446e-01       1.310721447515e+03 
       2.120678593877e-01       1.259340119514e+03 
       2.151883392216e-01       1.212386418545e+03 
       2.183088210561e-01       1.170508510426e+03 
       2.214293048059e-01       1.133931839807e+03 
       2.245497903906e-01       1.102511875193e+03 
       2.276702777343e-01       1.075790393543e+03 
       2.307907667651e-01       1.053058154643e+03 
       2.339112574151e-01       1.033422394120e+03 
       2.370317496198e-01       1.015882332243e+03 
       2.401522433184e-01       9.994208650218e+02 
       2.432727384529e-01       9.830983999895e+02 
       2.463932349685e-01       9.661370478475e+02 
       2.495137328130e-01       9.479847337025e+02 
       2.526342319368e-01       9.283449634194e+02 
       2.557547322929e-01       9.071686926201e+02 
       2.588752338364e-01       8.846257380343e+02 
       2.619957365247e-01       8.610530463250e+02 
       2.651162403170e-01       8.369034056139e+02 
       2.682367451747e-01       8.126915082149e+02 
       2.713572510608e-01       7.889439538955e+02 
       2.744777579399e-01       7.661519402539e+02 
       2.775982657785e-01       7.447242618368e+02 
       2.807187745443e-01       7.249528270711e+02 
       2.838392842066e-01       7.069888873866e+02 
       2.869597947360e-01       6.908363026596e+02 
       2.900803061044e-01       6.763675224933e+02 
       2.932008182848e-01       6.633512769258e+02 
       2.963213312514e-01       6.514911302054e+02 
       2.994418449796e-01       6.404625450217e+02 
       3.025623594456e-01       6.299461385101e+02 
       3.056828746268e-01       6.196501829906e+02 
       3.088033905013e-01       6.093284054498e+02 
       3.119239070483e-01       5.987917771857e+02 
       3.150444242476e-01       5.879180419262e+02 
       3.181649420800e-01       5.766569723912e+02 
       3.212854605270e-01       5.650314942299e+02 
       3.244059795706e-01       5.531307605545e+02 
       3.275264991939e-01       5.410930926890e+02 
       3.306470193802e-01       5.290849569542e+02 
       3.337675401138e-01       5.172757810471e+02 
       3.368880613793e-01       5.058182322184e+02 
       3.400085831620e-01       4.948343448768e+02 
       3.431291054479e-01       4.844094515412e+02 
       3.462496282231e-01       4.745918449401e+02 
       3.493701514745e-01       4.653953582127e+02 
       3.524906751895e-01       4.568017197845e+02 
       3.556111993557e-01       4.487635639624e+02 
       3.587317239614e-01       4.412070393138e+02 
       3.618522489951e-01       4.340381102909e+02 
       3.649727744458e-01       4.271509793966e+02 
       3.680933003029e-01       4.204406963955e+02 
       3.712138265560e-01       4.138147705628e+02 
       3.743343531952e-01       4.072028055769e+02 
       3.774548802110e-01       4.005612867135e+02 
       3.805754075939e-01       3.938731895190e+02 
       3.836959353350e-01       3.871428995620e+02 
       3.868164634256e-01       3.803913444354e+02 
       3.899369918573e-01       3.736499002927e+02 
       3.930575206219e-01       3.669572074326e+02 
       3.961780497116e-01       3.603561840874e+02 
       3.992985791186e-01       3.538913403022e+02 
       4.024191088356e-01       3.476045223180e+02 
       4.055396388553e-01       3.415302874712e+02 
       4.086601691709e-01       3.356914734483e+02 
       4.117806997755e-01       3.300960481476e+02 
       4.149012306626e-01       3.247377582977e+02 
       4.180217618259e-01       3.195987246046e+02 
       4.211422932593e-01       3.146542933673e+02 
       4.242628249566e-01       3.098776801150e+02 
       4.273833569122e-01       3.052428030914e+02 
       4.305038891203e-01       3.007256460956e+02 
       4.336244215756e-01       2.963040888239e+02 
       4.367449542726e-01       2.919572790118e+02 
       4.398654872063e-01       2.876665615914e+02 
       4.429860203716e-01       2.834166880550e+02 
       4.461065537637e-01       2.791982268690e+02 
       4.492270873777e-01       2.750088324611e+02 
       4.523476212091e-01       2.708531795400e+02 
       4.554681552535e-01       2.667412496614e+02 
       4.585886895064e-01       2.626853307165e+02 
       4.617092239635e-01       2.586974561785e+02 
       4.648297586209e-01       2.547876016892e+02 
       4.679502934744e-01       2.509635000601e+02 
       4.710708285201e-01       2.472311540459e+02 
       4.741913637543e-01       2.435956282293e+02 
       4.773118991732e-01       2.400610237916e+02 
       4.804324347732e-01       2.366296893860e+02 
       4.835529705508e-01       2.333006197733e+02 
       4.866735065026e-01       2.300686792384e+02 
       4.897940426252e-01       2.269247608287e+02 
       4.929145789154e-01       2.238569615526e+02 
       4.960351153700e-01       2.208529375946e+02 
       4.991556519859e-01       2.179018943377e+02 
       5.022761887601e-01       2.149958219728e+02 
       5.053967256897e-01       2.121297151983e+02 
       5.085172627717e-01       2.093006142185e+02 
       5.116378000034e-01       2.065068009252e+02 
       5.147583373821e-01       2.037471594078e+02 
       5.178788749051e-01       2.010213393462e+02 
       5.209994125697e-01       1.983304474750e+02 
       5.241199503736e-01       1.956775184525e+02 
       5.272404883141e-01       1.930671731121e+02 
       5.303610263888e-01       1.905048754032e+02 
       5.334815645954e-01       1.879954676358e+02 
       5.366021029317e-01       1.855417059820e+02 
       5.397226413952e-01       1.831438305342e+02 
       5.428431799839e-01       1.807998629699e+02 
       5.459637186956e-01       1.785066242233e+02 
       5.490842575281e-01       1.762608583151e+02 
       5.522047964795e-01       1.740598957535e+02 
       5.553253355476e-01       1.719017027994e+02 
       5.584458747306e-01       1.697843434957e+02 
       5.615664140266e-01       1.677053737015e+02 
       5.646869534336e-01       1.656616334189e+02 
       5.678074929498e-01       1.636496383562e+02 
       5.709280325734e-01       1.616663315718e+02 
       5.740485723027e-01       1.597098746718e+02 
       5.771691121359e-01       1.577799446765e+02 
       5.802896520714e-01       1.558774543893e+02 
       5.834101921075e-01       1.540037190359e+02 
       5.865307322426e-01       1.521597118309e+02 
       5.896512724751e-01       1.503455280919e+02 
       5.927718128035e-01       1.485605686696e+02 
       5.958923532263e-01       1.468041088078e+02 
       5.990128937420e-01       1.450757873681e+02 
       6.021334343492e-01       1.433760567810e+02 
       6.052539750464e-01       1.417057859498e+02 
       6.083745158322e-01       1.400658275660e+02 
       6.114950567053e-01       1.384562806271e+02 
       6.146155976644e-01       1.368762097490e+02 
       6.177361387081e-01       1.353237938333e+02 
       6.208566798351e-01       1.337969438719e+02 
       6.239772210443e-01       1.322938861409e+02 
       6.270977623344e-01       1.308136027712e+02 
       6.302183037041e-01       1.293557613647e+02 
       6.333388451523e-01       1.279202878491e+02 
       6.364593866779e-01       1.265068657274e+02 
       6.395799282797e-01       1.251146883085e+02 
       6.427004699566e-01       1.237425403471e+02 
       6.458210117074e-01       1.223892260551e+02 
       6.489415535312e-01       1.210540690926e+02 
       6.520620954269e-01       1.197371595897e+02 
       6.551826373934e-01       1.184391821017e+02 
       6.583031794298e-01       1.171609885623e+02 
       6.614237215350e-01       1.159030738879e+02 
       6.645442637081e-01       1.146652706962e+02 
       6.676648059482e-01       1.134468000731e+02 
       6.707853482542e-01       1.122466736274e+02 
       6.739058906253e-01       1.110640608749e+02 
       6.770264330605e-01       1.098986809879e+02 
       6.801469755591e-01       1.087506662791e+02 
       6.832675181200e-01       1.076202692481e+02 
       6.863880607425e-01       1.065074774618e+02 
       6.895086034258e-01       1.054117644076e+02 
       6.926291461689e-01       1.043321269961e+02 
       6.957496889711e-01       1.032674517803e+02 
       6.988702318316e-01       1.022168787087e+02 
       7.019907747497e-01       1.011800841204e+02 
       7.051113177245e-01       1.001572186934e+02 
       7.082318607553e-01       9.914867136025e+01 
       7.113524038414e-01       9.815459389453e+01 
       7.144729469820e-01       9.717479187764e+01 
       7.175934901764e-01       9.620863348932e+01 
       7.207140334239e-01       9.525537138411e+01 
       7.843653991770e-01       7.838247062961e+01 
       8.746659002784e-01       6.086424487209e+01 
       1.015853216858e+00       4.286201299963e+01 
       1.477104874446e+00       1.752921925117e+01 
