# Matter power spectrum P(k) at redshift z=0
# for k=9.0361e-06 to 1.72817 h/Mpc,
# number of wavenumbers equal to 556
#    1:k (h/Mpc)              2:P (Mpc/h)^3        
       9.036099472458e-06       9.611089830080e+01 
       2.121488357549e-05       2.186999461253e+02 
       3.342994680255e-05       3.386885885218e+02 
       4.571065685992e-05       4.576551111061e+02 
       5.808680017082e-05       5.761976554875e+02 
       7.058881939833e-05       6.949874187431e+02 
       8.324805759878e-05       8.144104210142e+02 
       9.609701193905e-05       9.349060128420e+02 
       1.091695999345e-04       1.056640682091e+03 
       1.225014411921e-04       1.180518971058e+03 
       1.361301576607e-04       1.306468878477e+03 
       1.500956953823e-04       1.434594166119e+03 
       1.644406706682e-04       1.566272082889e+03 
       1.792107434717e-04       1.700584807254e+03 
       1.944550204304e-04       1.839285138802e+03 
       2.102264895540e-04       1.982091000000e+03 
       2.265824877539e-04       2.129884594352e+03 
       2.435852012343e-04       2.282121199892e+03 
       2.613021970734e-04       2.440569125729e+03 
       2.798069819314e-04       2.605512870573e+03 
       2.991795805551e-04       2.777703135554e+03 
       3.195071223658e-04       2.957402331729e+03 
       3.408844186930e-04       3.145866337673e+03 
       3.634145059148e-04       3.343419092387e+03 
       3.872091207369e-04       3.551450186279e+03 
       4.123890630449e-04       3.770055910488e+03 
       4.390843894414e-04       4.001492904277e+03 
       4.674343673639e-04       4.245462906764e+03 
       4.975871068064e-04       4.503741569316e+03 
       5.296987762032e-04       4.777289788419e+03 
       5.639323039526e-04       5.067430126582e+03 
       6.004554713530e-04       5.374983237621e+03 
       6.394383209794e-04       5.700918795005e+03 
       6.810498412783e-04       6.046819541223e+03 
       7.254539464401e-04       6.412795174803e+03 
       7.728048501675e-04       6.800024089779e+03 
       8.232420272200e-04       7.209094150726e+03 
       8.768850553241e-04       7.640319438172e+03 
       9.338287136308e-04       8.093806165416e+03 
       9.941387604837e-04       7.855625474024e+03 
       1.057848803325e-03       9.066609993607e+03 
       1.124958597101e-03       8.788302376246e+03 
       1.195433969734e-03       1.012121063135e+04 
       1.269208395812e-03       1.067637052557e+04 
       1.346186056256e-03       1.124814483622e+04 
       1.426246068025e-03       1.183519263878e+04 
       1.509247471549e-03       1.243451836169e+04 
       1.595034535944e-03       1.304450281237e+04 
       1.683441978044e-03       1.366405268325e+04 
       1.774299772624e-03       1.310096392909e+04 
       1.867437334671e-03       1.382600705963e+04 
       1.962686958528e-03       1.555625229117e+04 
       2.059886487817e-03       1.619232911694e+04 
       2.158881256363e-03       1.675182690250e+04 
       2.259525382559e-03       1.746337758554e+04 
       2.361682520649e-03       1.660432135804e+04 
       2.465226177287e-03       1.827334383722e+04 
       2.570039695778e-03       1.922080608638e+04 
       2.676015998316e-03       1.968896402418e+04 
       2.783057161795e-03       1.890204282583e+04 
       2.891073887754e-03       1.945688149445e+04 
       2.999984913268e-03       2.012157773072e+04 
       3.109716397610e-03       2.080106323570e+04 
       3.220201309702e-03       2.148632109920e+04 
       3.331378833547e-03       2.216991527821e+04 
       3.443193802819e-03       2.284615139385e+04 
       3.555596171257e-03       2.351085285591e+04 
       3.668540522250e-03       2.416125571977e+04 
       3.781985618664e-03       2.479561046936e+04 
       3.895893992358e-03       2.541299982829e+04 
       4.010231571828e-03       2.601307320382e+04 
       4.124967345762e-03       2.659583208791e+04 
       4.240073059936e-03       2.716155116512e+04 
       4.355522944762e-03       2.597839952159e+04 
       4.471293470774e-03       2.652054110773e+04 
       4.587363129410e-03       2.707479874606e+04 
       4.703712236629e-03       2.762633600275e+04 
       4.820322757015e-03       2.817610778390e+04 
       4.937178146263e-03       2.871915314188e+04 
       5.054263210081e-03       2.925392524283e+04 
       5.171563977766e-03       2.977866941766e+04 
       5.289067588856e-03       3.029115105317e+04 
       5.406762191453e-03       3.079128923274e+04 
       5.524636850929e-03       3.127704323556e+04 
       5.642681467905e-03       3.174903041867e+04 
       5.760886704480e-03       3.220637363965e+04 
       5.879243917823e-03       3.264792061474e+04 
       5.997745100328e-03       3.307920452064e+04 
       6.116382825639e-03       3.349442367675e+04 
       6.235150199897e-03       3.389607287316e+04 
       6.354040817679e-03       3.428490404186e+04 
       6.473048722118e-03       3.465987545666e+04 
       6.592168368774e-03       3.502288115289e+04 
       6.711394592866e-03       3.537394050638e+04 
       6.830722579519e-03       3.571263599908e+04 
       6.950147836722e-03       3.604038388305e+04 
       7.069666170720e-03       3.635658792580e+04 
       7.189273663593e-03       3.666187541456e+04 
       7.308966652824e-03       3.695620906235e+04 
       7.428741712629e-03       3.724184066670e+04 
       7.548595636915e-03       3.751690754819e+04 
       7.668525423677e-03       3.778174502361e+04 
       7.788528260719e-03       3.803888136425e+04 
       7.908601512566e-03       3.828715350180e+04 
       8.028742708455e-03       3.852519808251e+04 
       8.148949531311e-03       3.875519881031e+04 
       8.269219807607e-03       3.897753326189e+04 
       8.389551498047e-03       3.919058951530e+04 
       8.509942688980e-03       3.939612409969e+04 
       8.630391584489e-03       3.959542171582e+04 
       8.750896499095e-03       3.978500882281e+04 
       8.871455851029e-03       3.996793681722e+04 
       8.992068156006e-03       4.014393646839e+04 
       9.112732021477e-03       4.031211814955e+04 
       9.233446141313e-03       4.047524917807e+04 
       9.354209290880e-03       4.063023474777e+04 
       9.475020322478e-03       4.077867531389e+04 
       9.595878161114e-03       4.092023256336e+04 
       9.716781800582e-03       4.105629577579e+04 
       9.837730299825e-03       4.118534048175e+04 
       9.958722779557e-03       4.130909388066e+04 
       1.007975841912e-02       4.142746578506e+04 
       1.020083645359e-02       4.153859576521e+04 
       1.032195617103e-02       4.164449268172e+04 
       1.044311691000e-02       4.174494632973e+04 
       1.056431805719e-02       4.183898407606e+04 
       1.068555904524e-02       4.192945203188e+04 
       1.080683935073e-02       4.201322038492e+04 
       1.092815849226e-02       3.864966260638e+04 
       1.104951602870e-02       4.216465615339e+04 
       1.117091155753e-02       3.875302631285e+04 
       1.129234471335e-02       4.229707091996e+04 
       1.141381516641e-02       4.235490691741e+04 
       1.153532262132e-02       4.240833802540e+04 
       1.165686681581e-02       4.245809742335e+04 
       1.177844751954e-02       4.250150789932e+04 
       1.190006453312e-02       4.254088226739e+04 
       1.202171768700e-02       4.257635170263e+04 
       1.214340684065e-02       4.260692192906e+04 
       1.226513188164e-02       4.263326841946e+04 
       1.238689272487e-02       4.265534136578e+04 
       1.250868931181e-02       4.267355580699e+04 
       1.263052160986e-02       4.268689088417e+04 
       1.275238961165e-02       4.269641172415e+04 
       1.287429333453e-02       4.270242891032e+04 
       1.299623281999e-02       4.270451776777e+04 
       1.311820813317e-02       4.270193691974e+04 
       1.324021936241e-02       4.269605219960e+04 
       1.336226661885e-02       4.268687979159e+04 
       1.348435003603e-02       4.267362935491e+04 
       1.360646976958e-02       4.265633480180e+04 
       1.372862599687e-02       4.263587185408e+04 
       1.385081891678e-02       4.261165849294e+04 
       1.397304874941e-02       4.258405670248e+04 
       1.409531573591e-02       4.255348636500e+04 
       1.421762013824e-02       4.251962590582e+04 
       1.433996223905e-02       4.248194499228e+04 
       1.446234234152e-02       4.244135472244e+04 
       1.458476076925e-02       4.239753095816e+04 
       1.470721786621e-02       4.235081597893e+04 
       1.482971399659e-02       4.230081117087e+04 
       1.495224954486e-02       4.224793105405e+04 
       1.507482491566e-02       4.219181615290e+04 
       1.519744053384e-02       4.213345705929e+04 
       1.532009684451e-02       4.207186714466e+04 
       1.544279431299e-02       4.200707461730e+04 
       1.556553342497e-02       4.194056216253e+04 
       1.568831468650e-02       4.187076291819e+04 
       1.581113862416e-02       4.179833942070e+04 
       1.593400578510e-02       4.172328890050e+04 
       1.605691673723e-02       4.164595459137e+04 
       1.617987206933e-02       4.156601826180e+04 
       1.630287239124e-02       4.148355382777e+04 
       1.642591833403e-02       4.139836989099e+04 
       1.654901055019e-02       4.131127135435e+04 
       1.667214971386e-02       4.122194456159e+04 
       1.679533652107e-02       4.112994776498e+04 
       1.691857168994e-02       4.103579712349e+04 
       1.704185596101e-02       4.094003353304e+04 
       1.716519009748e-02       4.084189166343e+04 
       1.728857488551e-02       4.074209540680e+04 
       1.741201113454e-02       4.063899905434e+04 
       1.753549967762e-02       4.053523203959e+04 
       1.765904137177e-02       4.042834441394e+04 
       1.778263709829e-02       4.032011416223e+04 
       1.790628776322e-02       4.021015724879e+04 
       1.802999429765e-02       4.009820207239e+04 
       1.815375765821e-02       3.998440352739e+04 
       1.827757882744e-02       3.986879370424e+04 
       1.840145881429e-02       3.975118705588e+04 
       1.852539865452e-02       3.963278629778e+04 
       1.864939941126e-02       3.951226116041e+04 
       1.877346217544e-02       3.939017408311e+04 
       1.889758806636e-02       3.926640490016e+04 
       1.902177823221e-02       3.914145556355e+04 
       1.914603385063e-02       3.901485130670e+04 
       1.927035612925e-02       3.888655317892e+04 
       1.939474630638e-02       3.875691258596e+04 
       1.951920565153e-02       3.862630178256e+04 
       1.964373546609e-02       3.849407990078e+04 
       1.976833708400e-02       3.836042232143e+04 
       1.989301187241e-02       3.822543615948e+04 
       2.001776123241e-02       3.808967044997e+04 
       2.014258659971e-02       3.795219257037e+04 
       2.026748944545e-02       3.781390772941e+04 
       2.039247127692e-02       3.767439220290e+04 
       2.051753363841e-02       3.753362386404e+04 
       2.064267811199e-02       3.739177113506e+04 
       2.076790631838e-02       3.724938631953e+04 
       2.089321991785e-02       3.710526147608e+04 
       2.101862061107e-02       3.696044418199e+04 
       2.114411014012e-02       3.681502799214e+04 
       2.126969028937e-02       3.666841751465e+04 
       2.139536288654e-02       3.652106773752e+04 
       2.152112980372e-02       3.637271635439e+04 
       2.164699295838e-02       3.622379515367e+04 
       2.177295431451e-02       3.607369477843e+04 
       2.189901588373e-02       3.592292960567e+04 
       2.202517972644e-02       3.577172075578e+04 
       2.215144795303e-02       3.561949787197e+04 
       2.227782272513e-02       3.546669107228e+04 
       2.240430625685e-02       3.531308837017e+04 
       2.253090081615e-02       3.515904134926e+04 
       2.265760872612e-02       3.500454279557e+04 
       2.278443236646e-02       3.484926355839e+04 
       2.291137417489e-02       3.469374537800e+04 
       2.303843664864e-02       3.453757517244e+04 
       2.316562234602e-02       3.438075056535e+04 
       2.329293388796e-02       3.422344309802e+04 
       2.342037395973e-02       3.406574378260e+04 
       2.354794531256e-02       3.390789767177e+04 
       2.367565076545e-02       3.374945118106e+04 
       2.380349320697e-02       3.359055036892e+04 
       2.393147559710e-02       3.343145160391e+04 
       2.405960096922e-02       3.327178677000e+04 
       2.418787243208e-02       3.311219620739e+04 
       2.431629317186e-02       3.295196757297e+04 
       2.444486645433e-02       3.279178959804e+04 
       2.457359562704e-02       3.263129932903e+04 
       2.470248412165e-02       3.247037837865e+04 
       2.483153545623e-02       3.230911616989e+04 
       2.496075323778e-02       3.214851207141e+04 
       2.509014116471e-02       3.198730274866e+04 
       2.521970302951e-02       3.182600116004e+04 
       2.534944272142e-02       3.166438621695e+04 
       2.547936422931e-02       3.150279260856e+04 
       2.560947164450e-02       3.134116128790e+04 
       2.573976916390e-02       3.117951249261e+04 
       2.587026109303e-02       3.101793971149e+04 
       2.600095184934e-02       3.085618775009e+04 
       2.613184596555e-02       3.069453411713e+04 
       2.626294809315e-02       3.053304076528e+04 
       2.639426300598e-02       3.037121598694e+04 
       2.652579560407e-02       3.020978726958e+04 
       2.665755091747e-02       3.004805708196e+04 
       2.678953411031e-02       2.988694510040e+04 
       2.692175048507e-02       2.972562690041e+04 
       2.705420548685e-02       2.956451599552e+04 
       2.718690470799e-02       2.940344547559e+04 
       2.731985389276e-02       2.924264449263e+04 
       2.745305894226e-02       2.908190597924e+04 
       2.758652591957e-02       2.892151438872e+04 
       2.772026105498e-02       2.876118468974e+04 
       2.785427075159e-02       2.860105282406e+04 
       2.798856159104e-02       2.844118447424e+04 
       2.812314033949e-02       2.828163081646e+04 
       2.825801395386e-02       2.812228023811e+04 
       2.839318958838e-02       2.796333476049e+04 
       2.852867460130e-02       2.780458766785e+04 
       2.866447656202e-02       2.764615728547e+04 
       2.880060325843e-02       2.748784033397e+04 
       2.893706270463e-02       2.732996825525e+04 
       2.907386314893e-02       2.717243405430e+04 
       2.921101308229e-02       2.701524887660e+04 
       2.934852124705e-02       2.685836804823e+04 
       2.948639664610e-02       2.670186863393e+04 
       2.962464855246e-02       2.654569723942e+04 
       2.976328651931e-02       2.638999810911e+04 
       2.990232039043e-02       2.426366658635e+04 
       3.004176031122e-02       2.607952261657e+04 
       3.018161674018e-02       2.592516420952e+04 
       3.032190046092e-02       2.438975477207e+04 
       3.046262259481e-02       2.561725824236e+04 
       3.060379461420e-02       2.546379569735e+04 
       3.074542835628e-02       2.531107200922e+04 
       3.088753603769e-02       2.515879125270e+04 
       3.103013026978e-02       2.320718448292e+04 
       3.117322407469e-02       2.485537201536e+04 
       3.131683090225e-02       2.470443730080e+04 
       3.146096464772e-02       2.340275873476e+04 
       3.160563967050e-02       2.440380099461e+04 
       3.175087081379e-02       2.425420163017e+04 
       3.189667342530e-02       2.410514032633e+04 
       3.204306337910e-02       2.395657057914e+04 
       3.219005709861e-02       2.380863197342e+04 
       3.233767158091e-02       2.366103928539e+04 
       3.248592442234e-02       2.351404461861e+04 
       3.263483384560e-02       2.336759735639e+04 
       3.278441872833e-02       2.198939638060e+04 
       3.293469863338e-02       2.307617614851e+04 
       3.308569384078e-02       2.293130304940e+04 
       3.323742538167e-02       2.278691629360e+04 
       3.338991507416e-02       2.264313358741e+04 
       3.354318556138e-02       2.249994334347e+04 
       3.369726035189e-02       2.235713301190e+04 
       3.385216386250e-02       2.221499522041e+04 
       3.400792146379e-02       2.207330005415e+04 
       3.416455952851e-02       2.114691379344e+04 
       3.432210548310e-02       2.179172056971e+04 
       3.448058786242e-02       2.165187737924e+04 
       3.464003636823e-02       2.151234455294e+04 
       3.480048193143e-02       2.137352952876e+04 
       3.496195677850e-02       1.989153296062e+04 
       3.512449450250e-02       2.109754605377e+04 
       3.528813013893e-02       2.096042058901e+04 
       3.545290024690e-02       2.082382439676e+04 
       3.561884299605e-02       2.068777401124e+04 
       3.578599825973e-02       2.055236472703e+04 
       3.595440771495e-02       2.041754953982e+04 
       3.612411494967e-02       2.028313803768e+04 
       3.629516557823e-02       2.014940033951e+04 
       3.646760736543e-02       2.001615978305e+04 
       3.664149036027e-02       1.988351821782e+04 
       3.681686704013e-02       1.975145593963e+04 
       3.699379246639e-02       1.849156223341e+04 
       3.717232445262e-02       1.948893415110e+04 
       3.735252374652e-02       1.881467548496e+04 
       3.753445422707e-02       1.878922504921e+04 
       3.771818311828e-02       1.778417600297e+04 
       3.790378122134e-02       1.897053232980e+04 
       3.809132316706e-02       1.852265265945e+04 
       3.828088769065e-02       1.823967073673e+04 
       3.847255793148e-02       1.858742078246e+04 
       3.866642176018e-02       1.800642288396e+04 
       3.886257213651e-02       1.833477341846e+04 
       3.906110750114e-02       1.682204255705e+04 
       3.926213220548e-02       1.694012515331e+04 
       3.946575698388e-02       1.795958891187e+04 
       3.967209947330e-02       1.783558635213e+04 
       3.988128478619e-02       1.771205788126e+04 
       4.009344614322e-02       1.661801196616e+04 
       4.030872557334e-02       1.643258816121e+04 
       4.052727468990e-02       1.643392043419e+04 
       4.074925555269e-02       1.722298949084e+04 
       4.097484162758e-02       1.710193684964e+04 
       4.120421885693e-02       1.698132736606e+04 
       4.143758685631e-02       1.584196505576e+04 
       4.167516025544e-02       1.564218413833e+04 
       4.191717020448e-02       1.662234237863e+04 
       4.216386607013e-02       1.650360016495e+04 
       4.241551735040e-02       1.638530906825e+04 
       4.267241584227e-02       1.626735833835e+04 
       4.293487810220e-02       1.614989261670e+04 
       4.320324824741e-02       1.603282026486e+04 
       4.347790115478e-02       1.556601130711e+04 
       4.375924612515e-02       1.579995390720e+04 
       4.404773109472e-02       1.568405454486e+04 
       4.434384749171e-02       1.556859914848e+04 
       4.464813585694e-02       1.470993971810e+04 
       4.496119237270e-02       1.533870952211e+04 
       4.528367647589e-02       1.522430910227e+04 
       4.561631977068e-02       1.479058778979e+04 
       4.595993650618e-02       1.499638458837e+04 
       4.631543594636e-02       1.488285130104e+04 
       4.668383703901e-02       1.476963811098e+04 
       4.706628589018e-02       1.465664818015e+04 
       4.746407667797e-02       1.419992447976e+04 
       4.787867680162e-02       1.443135059867e+04 
       4.831175726839e-02       1.431894493797e+04 
       4.876522958398e-02       1.420658129331e+04 
       4.924129074601e-02       1.409430099590e+04 
       4.974247836068e-02       1.398188684369e+04 
       5.027173842413e-02       1.386933905097e+04 
       5.083250894112e-02       1.375639906000e+04 
       5.142882328189e-02       1.364291713487e+04 
       5.206543794451e-02       1.352858317907e+04 
       5.274799003448e-02       1.341283859738e+04 
       5.348318992329e-02       1.329533466291e+04 
       5.427905342212e-02       1.317507592507e+04 
       5.514517383958e-02       1.305092240641e+04 
       5.609302452231e-02       1.292104266445e+04 
       5.713626164650e-02       1.278302981712e+04 
       5.829095673924e-02       1.263314873205e+04 
       5.957561783142e-02       1.246612413970e+04 
       6.101075087533e-02       1.220208892947e+04 
       6.261758984928e-02       1.204854766235e+04 
       6.441558144977e-02       1.170832914418e+04 
       6.641847120613e-02       1.137271610582e+04 
       6.862966332819e-02       1.102666245428e+04 
       7.103876266721e-02       1.048400029669e+04 
       7.362172606294e-02       9.949170521094e+03 
       7.634547418603e-02       9.301520885350e+03 
       7.917487236028e-02       8.609051763140e+03 
       8.207864276367e-02       7.921147553470e+03 
       8.503226025333e-02       7.256974268142e+03 
       8.801813912598e-02       6.175426423878e+03 
       9.102441193663e-02       6.120383532579e+03 
       9.404338240543e-02       5.678096725916e+03 
       9.707018440812e-02       5.324769998248e+03 
       1.001017896912e-01       5.052235374745e+03 
       1.031363320610e-01       4.857539419161e+03 
       1.061726682458e-01       4.718523287992e+03 
       1.092101002955e-01       4.621286745067e+03 
       1.122482029490e-01       4.530105692973e+03 
       1.152867173283e-01       4.482066296434e+03 
       1.183254858613e-01       4.411569638981e+03 
       1.213644125855e-01       4.319819878962e+03 
       1.244034389849e-01       4.204209333528e+03 
       1.274425292999e-01       4.058888313383e+03 
       1.304816616040e-01       3.886873742760e+03 
       1.335208223835e-01       3.693886908089e+03 
       1.365600032471e-01       3.487972354266e+03 
       1.395991989270e-01       3.278784183150e+03 
       1.426384060644e-01       3.075994045714e+03 
       1.456776224724e-01       2.886963190537e+03 
       1.487168466861e-01       2.659864550539e+03 
       1.517560776895e-01       2.572146650840e+03 
       1.547953147488e-01       2.447092347563e+03 
       1.578345573099e-01       2.355934418330e+03 
       1.608738049357e-01       2.282416825125e+03 
       1.639130572676e-01       2.227675778421e+03 
       1.669523140010e-01       2.187089583830e+03 
       1.699915748701e-01       2.156076899467e+03 
       1.730308396384e-01       2.126696448167e+03 
       1.760701080921e-01       2.102861064240e+03 
       1.791093800357e-01       2.070327458143e+03 
       1.821486552894e-01       2.035219343359e+03 
       1.851879336867e-01       1.988630506297e+03 
       1.882272150725e-01       1.932773015063e+03 
       1.912664993025e-01       1.867029395813e+03 
       1.943057862417e-01       1.797794936634e+03 
       1.973450757636e-01       1.723651684823e+03 
       2.003843677497e-01       1.643767804382e+03 
       2.034236620885e-01       1.576247187658e+03 
       2.064629586753e-01       1.504265589761e+03 
       2.095022574116e-01       1.446322191386e+03 
       2.125415582044e-01       1.391706547431e+03 
       2.155808609662e-01       1.344722919647e+03 
       2.186201656143e-01       1.305092074760e+03 
       2.216594720704e-01       1.272846970621e+03 
       2.246987802609e-01       1.246365728788e+03 
       2.277380901157e-01       1.224512681490e+03 
       2.307774015687e-01       1.205804456461e+03 
       2.338167145572e-01       1.188683078049e+03 
       2.368560290216e-01       1.171679040173e+03 
       2.398953449056e-01       1.153582907101e+03 
       2.429346621554e-01       1.133518113649e+03 
       2.459739807203e-01       1.111001629181e+03 
       2.490133005517e-01       1.085934745348e+03 
       2.520526216035e-01       1.058533484437e+03 
       2.550919438318e-01       1.029274211818e+03 
       2.581312671950e-01       9.988252487805e+02 
       2.611705916530e-01       9.679595477587e+02 
       2.642099171679e-01       9.375027525433e+02 
       2.672492437035e-01       9.082379455667e+02 
       2.702885712251e-01       8.808280311239e+02 
       2.733278996997e-01       8.557539313291e+02 
       2.763672290956e-01       8.332692568864e+02 
       2.794065593826e-01       8.134021560902e+02 
       2.824458905318e-01       7.959630317426e+02 
       2.854852225155e-01       7.806255471494e+02 
       2.885245553072e-01       7.669559960558e+02 
       2.915638888815e-01       7.544895474795e+02 
       2.946032232140e-01       7.427628284477e+02 
       2.976425582814e-01       7.313425619455e+02 
       3.006818940614e-01       7.198467704094e+02 
       3.037212305324e-01       7.079679844173e+02 
       3.067605676737e-01       6.954910529888e+02 
       3.097999054656e-01       6.823189265983e+02 
       3.128392438889e-01       6.684715178193e+02 
       3.158785829255e-01       6.540776467439e+02 
       3.189179225576e-01       6.393520566935e+02 
       3.219572627683e-01       6.245526030346e+02 
       3.249966035413e-01       6.099328451165e+02 
       3.280359448610e-01       5.957233235684e+02 
       3.310752867121e-01       5.821106387173e+02 
       3.341146290801e-01       5.692350820846e+02 
       3.371539719510e-01       5.571807103632e+02 
       3.401933153113e-01       5.459889600667e+02 
       3.432326591478e-01       5.356543314939e+02 
       3.462720034480e-01       5.261194891493e+02 
       3.493113481997e-01       5.172802490521e+02 
       3.523506933912e-01       5.089936526002e+02 
       3.553900390112e-01       5.010950363848e+02 
       3.584293850486e-01       4.934199831987e+02 
       3.614687314931e-01       4.858312014114e+02 
       3.645080783342e-01       4.782224668496e+02 
       3.675474255622e-01       4.705311801997e+02 
       3.705867731674e-01       4.627308330486e+02 
       3.736261211407e-01       4.548219490500e+02 
       3.766654694731e-01       4.468261804711e+02 
       3.797048181558e-01       4.387815820905e+02 
       3.827441671807e-01       4.307423246992e+02 
       3.857835165395e-01       4.227734112670e+02 
       3.888228662243e-01       4.149466530173e+02 
       3.918622162276e-01       4.073358764334e+02 
       3.949015665420e-01       3.999961503433e+02 
       3.979409171603e-01       3.929677928342e+02 
       4.009802680756e-01       3.862643148651e+02 
       4.040196192812e-01       3.798760963209e+02 
       4.070589707704e-01       3.737795778862e+02 
       4.100983225371e-01       3.679424096733e+02 
       4.131376745750e-01       3.623329038987e+02 
       4.161770268782e-01       3.569192565674e+02 
       4.192163794409e-01       3.516666279883e+02 
       4.222557322575e-01       3.465453704818e+02 
       4.252950853225e-01       3.415147957466e+02 
       4.283344386306e-01       3.365415066391e+02 
       4.313737921767e-01       3.315975125666e+02 
       4.344131459556e-01       3.266670979948e+02 
       4.374524999627e-01       3.217473492097e+02 
       4.404918541931e-01       3.168476785874e+02 
       4.435312086422e-01       3.119862284500e+02 
       4.465705633055e-01       3.071786673947e+02 
       4.496099181787e-01       3.024416704028e+02 
       4.526492732576e-01       2.977888028901e+02 
       4.556886285380e-01       2.932318347594e+02 
       4.587279840158e-01       2.887819945425e+02 
       4.617673396873e-01       2.844536343105e+02 
       4.648066955485e-01       2.802570996418e+02 
       4.678460515957e-01       2.762019329295e+02 
       4.708854078254e-01       2.722854154430e+02 
       4.739247642341e-01       2.685003425114e+02 
       4.769641208182e-01       2.648278900257e+02 
       4.800034775745e-01       2.612494423090e+02 
       4.830428344996e-01       2.577474886747e+02 
       4.860821915905e-01       2.543077791842e+02 
       4.891215488440e-01       2.509210107198e+02 
       4.921609062571e-01       2.475803996751e+02 
       4.952002638268e-01       2.442810632372e+02 
       4.982396215503e-01       2.410190049522e+02 
       5.012789794247e-01       2.377883074354e+02 
       5.043183374474e-01       2.345870406618e+02 
       5.073576956156e-01       2.314182375526e+02 
       5.103970539268e-01       2.282876728580e+02 
       5.134364123783e-01       2.252071000530e+02 
       5.164757709678e-01       2.221863175249e+02 
       5.195151296928e-01       2.192312139410e+02 
       5.225544885509e-01       2.163448152629e+02 
       5.255938475397e-01       2.135252434213e+02 
       5.286332066571e-01       2.107706703558e+02 
       5.316725659009e-01       2.080759722340e+02 
       5.347119252688e-01       2.054390890549e+02 
       5.377512847587e-01       2.028594816241e+02 
       5.407906443687e-01       2.003357501694e+02 
       5.438300040966e-01       1.978645886334e+02 
       5.705935769763e-01       1.776946012859e+02 
       6.010542657882e-01       1.578663277463e+02 
       6.366104089815e-01       1.385459138789e+02 
       6.795911990019e-01       1.192840550519e+02 
       7.341901133815e-01       9.981041995018e+01 
       8.086499671017e-01       7.974280077268e+01 
       9.202435215684e-01       5.887835012354e+01 
       1.100883275177e+00       3.846152454955e+01 
       1.373202783014e+00       2.257582493281e+01 
       1.728169357305e+00       1.286419408989e+01 
